#title: Spectral profile - Titan_spw31_tclean_f16ch.image.pbcor-raster
#region (world): Ellipse[[19:23:40.445, -21d58m06.384], [19:23:40.278, -21d58m04.401]]
#region (pixel): Ellipse[[105, 106], [118, 117]]
#coordinate: world
#xLabel: frequency [GHz]
#yLabel: [Jy] Flux Density

# Titan_spw31_tclean_f16ch.image.pbcor-raster
2.642066040039e+02 8.243855834007e-01
2.642068481445e+02 8.237477540970e-01
2.642070922852e+02 8.231223821640e-01
2.642073364258e+02 8.242924809456e-01
2.642075805664e+02 8.238874077797e-01
2.642078247070e+02 8.237445354462e-01
2.642080688477e+02 8.240979909897e-01
2.642083129883e+02 8.231076002121e-01
2.642085571289e+02 8.226374387741e-01
2.642088012695e+02 8.232797980309e-01
2.642090454102e+02 8.244171142578e-01
2.642092895508e+02 8.242218494415e-01
2.642095336914e+02 8.240068554878e-01
2.642097778320e+02 8.241022825241e-01
2.642100219727e+02 8.228271603584e-01
2.642102661133e+02 8.222786784172e-01
2.642105102539e+02 8.231413960457e-01
2.642107543945e+02 8.244410753250e-01
2.642109985352e+02 8.253484368324e-01
2.642112426758e+02 8.253954052925e-01
2.642114868164e+02 8.247650861740e-01
2.642117309570e+02 8.237059712410e-01
2.642119750977e+02 8.238521814346e-01
2.642122192383e+02 8.230416774750e-01
2.642124633789e+02 8.227363228798e-01
2.642127075195e+02 8.217563033104e-01
2.642129516602e+02 8.219765424728e-01
2.642131958008e+02 8.242679834366e-01
2.642134399414e+02 8.238600492477e-01
2.642136840820e+02 8.235285878181e-01
2.642139282227e+02 8.237745761871e-01
2.642141723633e+02 8.230923414230e-01
2.642144165039e+02 8.235752582550e-01
2.642146606445e+02 8.246213197708e-01
2.642149047852e+02 8.225529789925e-01
2.642151489258e+02 8.216570615768e-01
2.642153930664e+02 8.234583139420e-01
2.642156372070e+02 8.251366019249e-01
2.642158813477e+02 8.240033984184e-01
2.642161254883e+02 8.227810859680e-01
2.642163696289e+02 8.235870003700e-01
2.642166137695e+02 8.247684836388e-01
2.642168579102e+02 8.254926204681e-01
2.642171020508e+02 8.248236775398e-01
2.642173461914e+02 8.234767913818e-01
2.642175903320e+02 8.225595951080e-01
2.642178344727e+02 8.229652047157e-01
2.642180786133e+02 8.237113952637e-01
2.642183227539e+02 8.238312602043e-01
2.642185668945e+02 8.235803246498e-01
2.642188110352e+02 8.225964903831e-01
2.642190551758e+02 8.233025670052e-01
2.642192993164e+02 8.238780498505e-01
2.642195434570e+02 8.235434293747e-01
2.642197875977e+02 8.240343332291e-01
2.642200317383e+02 8.245296478271e-01
2.642202758789e+02 8.239566683769e-01
2.642205200195e+02 8.231257200241e-01
2.642207641602e+02 8.231158256531e-01
2.642210083008e+02 8.230991959572e-01
2.642212524414e+02 8.231295943260e-01
2.642214965820e+02 8.228815197945e-01
2.642217407227e+02 8.223422765732e-01
2.642219848633e+02 8.240774869919e-01
2.642222290039e+02 8.265271186829e-01
2.642224731445e+02 8.257063031197e-01
2.642227172852e+02 8.251504898071e-01
2.642229614258e+02 8.250565528870e-01
2.642232055664e+02 8.241161108017e-01
2.642234497070e+02 8.246948719025e-01
2.642236938477e+02 8.252186179161e-01
2.642239379883e+02 8.295173048973e-01
2.642241821289e+02 8.489623665810e-01
2.642244262695e+02 8.626080155373e-01
2.642246704102e+02 8.478749990463e-01
2.642249145508e+02 8.306676745415e-01
2.642251586914e+02 8.262084126472e-01
2.642254028320e+02 8.236266374588e-01
2.642256469727e+02 8.237152099609e-01
2.642258911133e+02 8.245205283165e-01
2.642261352539e+02 8.247328400612e-01
2.642263793945e+02 8.251819610596e-01
2.642266235352e+02 8.248150944710e-01
2.642268676758e+02 8.243702650070e-01
2.642271118164e+02 8.232535719872e-01
2.642273559570e+02 8.226965069771e-01
2.642276000977e+02 8.230612874031e-01
2.642278442383e+02 8.238078951836e-01
2.642280883789e+02 8.240948915482e-01
2.642283325195e+02 8.240453004837e-01
2.642285766602e+02 8.240410089493e-01
2.642288208008e+02 8.236537575722e-01
2.642290649414e+02 8.234811425209e-01
2.642293090820e+02 8.241198062897e-01
2.642295532227e+02 8.244799375534e-01
2.642297973633e+02 8.234268426895e-01
2.642300415039e+02 8.215938806534e-01
2.642302856445e+02 8.208932280540e-01
2.642305297852e+02 8.222685456276e-01
2.642307739258e+02 8.235993385315e-01
2.642310180664e+02 8.228697180748e-01
2.642312622070e+02 8.223427534103e-01
2.642315063477e+02 8.217844963074e-01
2.642317504883e+02 8.223709464073e-01
2.642319946289e+02 8.236634731293e-01
2.642322387695e+02 8.240891695023e-01
2.642324829102e+02 8.233795166016e-01
2.642327270508e+02 8.229393362999e-01
2.642329711914e+02 8.218941092491e-01
2.642332153320e+02 8.220611810684e-01
2.642334594727e+02 8.243982791901e-01
2.642337036133e+02 8.255329728127e-01
2.642339477539e+02 8.250370621681e-01
2.642341918945e+02 8.234623670578e-01
2.642344360352e+02 8.235722780228e-01
2.642346801758e+02 8.244649767876e-01
2.642349243164e+02 8.241696357727e-01
2.642351684570e+02 8.230106830597e-01
2.642354125977e+02 8.230074048042e-01
2.642356567383e+02 8.226839303970e-01
2.642359008789e+02 8.222732543945e-01
2.642361450195e+02 8.230889439583e-01
2.642363891602e+02 8.238062262535e-01
2.642366333008e+02 8.234338760376e-01
2.642368774414e+02 8.228203058243e-01
2.642371215820e+02 8.231993317604e-01
2.642373657227e+02 8.240219354630e-01
2.642376098633e+02 8.246988058090e-01
2.642378540039e+02 8.248658180237e-01
2.642380981445e+02 8.235924243927e-01
2.642383422852e+02 8.237197995186e-01
2.642385864258e+02 8.244655132294e-01
2.642388305664e+02 8.238226175308e-01
2.642390747070e+02 8.232710957527e-01
2.642393188477e+02 8.234146237373e-01
2.642395629883e+02 8.238540291786e-01
2.642398071289e+02 8.248023986816e-01
2.642400512695e+02 8.258930444717e-01
2.642402954102e+02 8.261047601700e-01
2.642405395508e+02 8.249926567078e-01
2.642407836914e+02 8.227536082268e-01
2.642410278320e+02 8.239521384239e-01
2.642412719727e+02 8.257141113281e-01
2.642415161133e+02 8.248611688614e-01
2.642417602539e+02 8.229212760925e-01
2.642420043945e+02 8.235895037651e-01
2.642422485352e+02 8.248903155327e-01
2.642424926758e+02 8.247717618942e-01
2.642427368164e+02 8.242423534393e-01
2.642429809570e+02 8.234760761261e-01
2.642432250977e+02 8.229105472565e-01
2.642434692383e+02 8.243155479431e-01
2.642437133789e+02 8.254443407059e-01
2.642439575195e+02 8.246683478355e-01
2.642442016602e+02 8.230333924294e-01
2.642444458008e+02 8.235030770302e-01
2.642446899414e+02 8.252252340317e-01
2.642449340820e+02 8.250705599785e-01
2.642451782227e+02 8.235933184624e-01
2.642454223633e+02 8.232409954071e-01
2.642456665039e+02 8.231554627419e-01
2.642459106445e+02 8.248211145401e-01
2.642461547852e+02 8.257748484612e-01
2.642463989258e+02 8.266857862473e-01
2.642466430664e+02 8.266981840134e-01
2.642468872070e+02 8.249337077141e-01
2.642471313477e+02 8.246546387672e-01
2.642473754883e+02 8.262193202972e-01
2.642476196289e+02 8.266687989235e-01
2.642478637695e+02 8.259292840958e-01
2.642481079102e+02 8.256016373634e-01
2.642483520508e+02 8.260076045990e-01
2.642485961914e+02 8.246939182281e-01
2.642488403320e+02 8.254026174545e-01
2.642490844727e+02 8.254173994064e-01
2.642493286133e+02 8.247962594032e-01
2.642495727539e+02 8.251791000366e-01
2.642498168945e+02 8.259185552597e-01
2.642500610352e+02 8.256506323814e-01
2.642503051758e+02 8.244874477386e-01
2.642505493164e+02 8.248374462128e-01
2.642507934570e+02 8.252542018890e-01
2.642510375977e+02 8.252751231194e-01
2.642512817383e+02 8.259892463684e-01
2.642515258789e+02 8.247913718224e-01
2.642517700195e+02 8.245095014572e-01
2.642520141602e+02 8.254756331444e-01
2.642522583008e+02 8.252813220024e-01
2.642525024414e+02 8.250238895416e-01
2.642527465820e+02 8.244971036911e-01
2.642529907227e+02 8.235187530518e-01
2.642532348633e+02 8.236104846001e-01
2.642534790039e+02 8.252626061440e-01
2.642537231445e+02 8.256721496582e-01
2.642539672852e+02 8.251911401749e-01
2.642542114258e+02 8.255904912949e-01
2.642544555664e+02 8.261292576790e-01
2.642546997070e+02 8.260994553566e-01
2.642549438477e+02 8.250060081482e-01
2.642551879883e+02 8.248023390770e-01
2.642554321289e+02 8.258920907974e-01
2.642556762695e+02 8.270068764687e-01
2.642559204102e+02 8.271902799606e-01
2.642561645508e+02 8.248743414879e-01
2.642564086914e+02 8.235461711884e-01
2.642566528320e+02 8.257459402084e-01
2.642568969727e+02 8.267904520035e-01
2.642571411133e+02 8.262590765953e-01
2.642573852539e+02 8.274864554405e-01
2.642576293945e+02 8.282003402710e-01
2.642578735352e+02 8.254052996635e-01
2.642581176758e+02 8.241808414459e-01
2.642583618164e+02 8.253304958344e-01
2.642586059570e+02 8.258575201035e-01
2.642588500977e+02 8.245680332184e-01
2.642590942383e+02 8.234124183655e-01
2.642593383789e+02 8.236865997314e-01
2.642595825195e+02 8.245537281036e-01
2.642598266602e+02 8.260993361473e-01
2.642600708008e+02 8.269526362419e-01
2.642603149414e+02 8.253257274628e-01
2.642605590820e+02 8.242788910866e-01
2.642608032227e+02 8.254358172417e-01
2.642610473633e+02 8.256744146347e-01
2.642612915039e+02 8.248164057732e-01
2.642615356445e+02 8.238772749901e-01
2.642617797852e+02 8.242918252945e-01
2.642620239258e+02 8.252200484276e-01
2.642622680664e+02 8.258127570152e-01
2.642625122070e+02 8.258634805679e-01
2.642627563477e+02 8.239815831184e-01
2.642630004883e+02 8.237500190735e-01
2.642632446289e+02 8.239299654961e-01
2.642634887695e+02 8.237845301628e-01
2.642637329102e+02 8.233038187027e-01
2.642639770508e+02 8.246088624001e-01
2.642642211914e+02 8.248390555382e-01
2.642644653320e+02 8.260820508003e-01
2.642647094727e+02 8.264750242233e-01
2.642649536133e+02 8.257468938828e-01
2.642651977539e+02 8.255397081375e-01
2.642654418945e+02 8.246745467186e-01
2.642656860352e+02 8.234200477600e-01
2.642659301758e+02 8.238745331764e-01
2.642661743164e+02 8.253414630890e-01
2.642664184570e+02 8.254455327988e-01
2.642666625977e+02 8.242111206055e-01
2.642669067383e+02 8.252430558205e-01
2.642671508789e+02 8.253931999207e-01
2.642673950195e+02 8.243402242661e-01
2.642676391602e+02 8.247938156128e-01
2.642678833008e+02 8.261256217957e-01
2.642681274414e+02 8.257020711899e-01
2.642683715820e+02 8.246686458588e-01
2.642686157227e+02 8.252629637718e-01
2.642688598633e+02 8.267837762833e-01
2.642691040039e+02 8.259078860283e-01
2.642693481445e+02 8.250943422318e-01
2.642695922852e+02 8.240088820457e-01
2.642698364258e+02 8.222684264183e-01
2.642700805664e+02 8.228112459183e-01
2.642703247070e+02 8.242353796959e-01
2.642705688477e+02 8.251288533211e-01
2.642708129883e+02 8.252344727516e-01
2.642710571289e+02 8.239085674286e-01
2.642713012695e+02 8.237186074257e-01
2.642715454102e+02 8.244356513023e-01
2.642717895508e+02 8.236645460129e-01
2.642720336914e+02 8.234848976135e-01
2.642722778320e+02 8.245332837105e-01
2.642725219727e+02 8.254321813583e-01
2.642727661133e+02 8.247673511505e-01
2.642730102539e+02 8.233509063721e-01
2.642732543945e+02 8.232483863831e-01
2.642734985352e+02 8.233664631844e-01
2.642737426758e+02 8.222877979279e-01
2.642739868164e+02 8.225903511047e-01
2.642742309570e+02 8.238737583160e-01
2.642744750977e+02 8.246849775314e-01
2.642747192383e+02 8.246979713440e-01
2.642749633789e+02 8.247053623199e-01
2.642752075195e+02 8.254983425140e-01
2.642754516602e+02 8.263736367226e-01
2.642756958008e+02 8.277893662453e-01
2.642759399414e+02 8.324483036995e-01
2.642761840820e+02 8.348379731178e-01
2.642764282227e+02 8.314009904861e-01
2.642766723633e+02 8.278741240501e-01
2.642769165039e+02 8.268839120865e-01
2.642771606445e+02 8.255963921547e-01
2.642774047852e+02 8.254900574684e-01
2.642776489258e+02 8.260345458984e-01
2.642778930664e+02 8.264011740685e-01
2.642781372070e+02 8.262264728546e-01
2.642783813477e+02 8.254653811455e-01
2.642786254883e+02 8.250764608383e-01
2.642788696289e+02 8.257962465286e-01
2.642791137695e+02 8.256177902222e-01
2.642793579102e+02 8.246377706528e-01
2.642796020508e+02 8.248709440231e-01
2.642798461914e+02 8.255931735039e-01
2.642800903320e+02 8.262841105461e-01
2.642803344727e+02 8.256158232689e-01
2.642805786133e+02 8.243833184242e-01
2.642808227539e+02 8.255043625832e-01
2.642810668945e+02 8.269760608673e-01
2.642813110352e+02 8.263649344444e-01
2.642815551758e+02 8.263099789619e-01
2.642817993164e+02 8.263982534409e-01
2.642820434570e+02 8.252699971199e-01
2.642822875977e+02 8.236727118492e-01
2.642825317383e+02 8.243334293365e-01
2.642827758789e+02 8.257092237473e-01
2.642830200195e+02 8.260206580162e-01
2.642832641602e+02 8.272134661674e-01
2.642835083008e+02 8.274523019791e-01
2.642837524414e+02 8.251818418503e-01
2.642839965820e+02 8.243554234505e-01
2.642842407227e+02 8.243260979652e-01
2.642844848633e+02 8.243206143379e-01
2.642847290039e+02 8.240217566490e-01
2.642849731445e+02 8.225920796394e-01
2.642852172852e+02 8.231914043427e-01
2.642854614258e+02 8.259789943695e-01
2.642857055664e+02 8.265440464020e-01
2.642859497070e+02 8.245452046394e-01
2.642861938477e+02 8.234741687775e-01
2.642864379883e+02 8.236493468285e-01
2.642866821289e+02 8.233294487000e-01
2.642869262695e+02 8.245622515678e-01
2.642871704102e+02 8.265107870102e-01
2.642874145508e+02 8.260598778725e-01
2.642876586914e+02 8.248221278191e-01
2.642879028320e+02 8.246817588806e-01
2.642881469727e+02 8.248512148857e-01
2.642883911133e+02 8.251982927322e-01
2.642886352539e+02 8.259267210960e-01
2.642888793945e+02 8.244017362595e-01
2.642891235352e+02 8.239892721176e-01
2.642893676758e+02 8.227098584175e-01
2.642896118164e+02 8.220359683037e-01
2.642898559570e+02 8.241469860077e-01
2.642901000977e+02 8.249775767326e-01
2.642903442383e+02 8.262634277344e-01
2.642905883789e+02 8.265974521637e-01
2.642908325195e+02 8.247393965721e-01
2.642910766602e+02 8.246534466743e-01
2.642913208008e+02 8.245658874512e-01
2.642915649414e+02 8.235827088356e-01
2.642918090820e+02 8.243308663368e-01
2.642920532227e+02 8.257795572281e-01
2.642922973633e+02 8.261836767197e-01
2.642925415039e+02 8.259190320969e-01
2.642927856445e+02 8.258566260338e-01
2.642930297852e+02 8.261104226112e-01
2.642932739258e+02 8.271986842155e-01
2.642935180664e+02 8.288685083389e-01
2.642937622070e+02 8.300915360451e-01
2.642940063477e+02 8.278331160545e-01
2.642942504883e+02 8.249751925468e-01
2.642944946289e+02 8.245450854301e-01
2.642947387695e+02 8.251407146454e-01
2.642949829102e+02 8.262217044830e-01
2.642952270508e+02 8.271914124489e-01
2.642954711914e+02 8.257221579552e-01
2.642957153320e+02 8.237959146500e-01
2.642959594727e+02 8.228052258492e-01
2.642962036133e+02 8.235810399055e-01
2.642964477539e+02 8.243566751480e-01
2.642966918945e+02 8.256142735481e-01
2.642969360352e+02 8.261815309525e-01
2.642971801758e+02 8.251604437828e-01
2.642974243164e+02 8.238647580147e-01
2.642976684570e+02 8.245209455490e-01
2.642979125977e+02 8.265576362610e-01
2.642981567383e+02 8.264359235764e-01
2.642984008789e+02 8.251040577888e-01
2.642986450195e+02 8.244352936745e-01
2.642988891602e+02 8.263347744942e-01
2.642991333008e+02 8.269383311272e-01
2.642993774414e+02 8.259465098381e-01
2.642996215820e+02 8.267302513123e-01
2.642998657227e+02 8.272405862808e-01
2.643001098633e+02 8.262493014336e-01
2.643003540039e+02 8.251381516457e-01
2.643005981445e+02 8.256963491440e-01
2.643008422852e+02 8.265529274940e-01
2.643010864258e+02 8.253656029701e-01
2.643013305664e+02 8.237733244896e-01
2.643015747070e+02 8.247241377831e-01
2.643018188477e+02 8.259360194206e-01
2.643020629883e+02 8.250566124916e-01
2.643023071289e+02 8.237382173538e-01
2.643025512695e+02 8.237421512604e-01
2.643027954102e+02 8.255224823952e-01
2.643030395508e+02 8.256443738937e-01
2.643032836914e+02 8.255236148834e-01
2.643035278320e+02 8.257442712784e-01
2.643037719727e+02 8.261362314224e-01
2.643040161133e+02 8.270850181580e-01
2.643042602539e+02 8.274790048599e-01
2.643045043945e+02 8.263625502586e-01
2.643047485352e+02 8.254758119583e-01
2.643049926758e+02 8.249297142029e-01
2.643052368164e+02 8.260604739189e-01
2.643054809570e+02 8.268046975136e-01
2.643057250977e+02 8.257215023041e-01
2.643059692383e+02 8.267569541931e-01
2.643062133789e+02 8.288042545319e-01
2.643064575195e+02 8.285281062126e-01
2.643067016602e+02 8.269587159157e-01
2.643069458008e+02 8.257809281349e-01
2.643071899414e+02 8.250455260277e-01
2.643074340820e+02 8.247721791267e-01
2.643076782227e+02 8.256977200508e-01
2.643079223633e+02 8.245306611061e-01
2.643081665039e+02 8.240018486977e-01
2.643084106445e+02 8.249710202217e-01
2.643086547852e+02 8.257002234459e-01
2.643088989258e+02 8.256531357765e-01
2.643091430664e+02 8.256245255470e-01
2.643093872070e+02 8.251131772995e-01
2.643096313477e+02 8.234196305275e-01
2.643098754883e+02 8.241882920265e-01
2.643101196289e+02 8.257840871811e-01
2.643103637695e+02 8.246424198151e-01
2.643106079102e+02 8.234100937843e-01
2.643108520508e+02 8.243895769119e-01
2.643110961914e+02 8.246638178825e-01
2.643113403320e+02 8.248974084854e-01
2.643115844727e+02 8.260912299156e-01
2.643118286133e+02 8.265696167946e-01
2.643120727539e+02 8.260196447372e-01
2.643123168945e+02 8.243412971497e-01
2.643125610352e+02 8.234395980835e-01
2.643128051758e+02 8.250896334648e-01
2.643130493164e+02 8.248797059059e-01
2.643132934570e+02 8.234746456146e-01
2.643135375977e+02 8.260379433632e-01
2.643137817383e+02 8.291339874268e-01
2.643140258789e+02 8.280770182610e-01
2.643142700195e+02 8.255609869957e-01
2.643145141602e+02 8.255558013916e-01
2.643147583008e+02 8.262654542923e-01
2.643150024414e+02 8.264195322990e-01
2.643152465820e+02 8.250381350517e-01
2.643154907227e+02 8.253648877144e-01
2.643157348633e+02 8.258156776428e-01
2.643159790039e+02 8.268595933914e-01
2.643162231445e+02 8.298169970512e-01
2.643164672852e+02 8.302668333054e-01
2.643167114258e+02 8.271143436432e-01
2.643169555664e+02 8.253105878830e-01
2.643171997070e+02 8.259762525558e-01
2.643174438477e+02 8.270483016968e-01
2.643176879883e+02 8.269063234329e-01
2.643179321289e+02 8.252146840096e-01
2.643181762695e+02 8.242043852806e-01
2.643184204102e+02 8.251746892929e-01
2.643186645508e+02 8.260877728462e-01
2.643189086914e+02 8.250082135201e-01
2.643191528320e+02 8.241142034531e-01
2.643193969727e+02 8.255221843719e-01
2.643196411133e+02 8.266089558601e-01
2.643198852539e+02 8.262839913368e-01
2.643201293945e+02 8.264178037643e-01
2.643203735352e+02 8.254478573799e-01
2.643206176758e+02 8.247464299202e-01
2.643208618164e+02 8.265123963356e-01
2.643211059570e+02 8.278070688248e-01
2.643213500977e+02 8.271936774254e-01
2.643215942383e+02 8.260210156441e-01
2.643218383789e+02 8.244333863258e-01
2.643220825195e+02 8.247944116592e-01
2.643223266602e+02 8.240823149681e-01
2.643225708008e+02 8.235062956810e-01
2.643228149414e+02 8.245860338211e-01
2.643230590820e+02 8.247162103653e-01
2.643233032227e+02 8.248923420906e-01
2.643235473633e+02 8.255313038826e-01
2.643237915039e+02 8.263838887215e-01
2.643240356445e+02 8.254206776619e-01
2.643242797852e+02 8.246070742607e-01
2.643245239258e+02 8.253334164619e-01
2.643247680664e+02 8.248784542084e-01
2.643250122070e+02 8.229135274887e-01
2.643252563477e+02 8.246194720268e-01
2.643255004883e+02 8.266531229019e-01
2.643257446289e+02 8.252024054527e-01
2.643259887695e+02 8.250694870949e-01
2.643262329102e+02 8.250690102577e-01
2.643264770508e+02 8.240168094635e-01
2.643267211914e+02 8.239614367485e-01
2.643269653320e+02 8.249699473381e-01
2.643272094727e+02 8.258328437805e-01
2.643274536133e+02 8.256736993790e-01
2.643276977539e+02 8.253830671310e-01
2.643279418945e+02 8.259408473969e-01
2.643281860352e+02 8.261746764183e-01
2.643284301758e+02 8.254944682121e-01
2.643286743164e+02 8.261111378670e-01
2.643289184570e+02 8.266651630402e-01
2.643291625977e+02 8.265894055367e-01
2.643294067383e+02 8.258523941040e-01
2.643296508789e+02 8.251180052757e-01
2.643298950195e+02 8.259571790695e-01
2.643301391602e+02 8.258818387985e-01
2.643303833008e+02 8.253063559532e-01
2.643306274414e+02 8.263009190559e-01
2.643308715820e+02 8.263932466507e-01
2.643311157227e+02 8.256261944771e-01
2.643313598633e+02 8.258885741234e-01
2.643316040039e+02 8.264693617821e-01
2.643318481445e+02 8.262496590614e-01
2.643320922852e+02 8.254777193069e-01
2.643323364258e+02 8.252257108688e-01
2.643325805664e+02 8.247226476669e-01
2.643328247070e+02 8.249034285545e-01
2.643330688477e+02 8.254792690277e-01
2.643333129883e+02 8.257359862328e-01
2.643335571289e+02 8.266204595566e-01
2.643338012695e+02 8.268558979034e-01
2.643340454102e+02 8.257275819778e-01
2.643342895508e+02 8.258281350136e-01
2.643345336914e+02 8.248585462570e-01
2.643347778320e+02 8.237658143044e-01
2.643350219727e+02 8.238387703896e-01
2.643352661133e+02 8.239509463310e-01
2.643355102539e+02 8.248100280762e-01
2.643357543945e+02 8.258436918259e-01
2.643359985352e+02 8.263347744942e-01
2.643362426758e+02 8.256680369377e-01
2.643364868164e+02 8.246947526932e-01
2.643367309570e+02 8.265277743340e-01
2.643369750977e+02 8.267130851746e-01
2.643372192383e+02 8.255707025528e-01
2.643374633789e+02 8.248993158340e-01
2.643377075195e+02 8.230323791504e-01
2.643379516602e+02 8.228871822357e-01
2.643381958008e+02 8.242786526680e-01
2.643384399414e+02 8.250864148140e-01
2.643386840820e+02 8.248193264008e-01
2.643389282227e+02 8.252937793732e-01
2.643391723633e+02 8.262163400650e-01
2.643394165039e+02 8.252643346786e-01
2.643396606445e+02 8.253025412560e-01
2.643399047852e+02 8.263694643974e-01
2.643401489258e+02 8.266226053238e-01
2.643403930664e+02 8.271307945251e-01
2.643406372070e+02 8.267715573311e-01
2.643408813477e+02 8.256850242615e-01
2.643411254883e+02 8.256731629372e-01
2.643413696289e+02 8.261651992798e-01
2.643416137695e+02 8.259056806564e-01
2.643418579102e+02 8.254605531693e-01
2.643421020508e+02 8.253956437111e-01
2.643423461914e+02 8.256520628929e-01
2.643425903320e+02 8.259488344193e-01
2.643428344727e+02 8.255669474602e-01
2.643430786133e+02 8.250746130943e-01
2.643433227539e+02 8.251165151596e-01
2.643435668945e+02 8.244839310646e-01
2.643438110352e+02 8.244284391403e-01
2.643440551758e+02 8.253165483475e-01
2.643442993164e+02 8.272643685341e-01
2.643445434570e+02 8.285605311394e-01
2.643447875977e+02 8.268619775772e-01
2.643450317383e+02 8.248767256737e-01
2.643452758789e+02 8.252236843109e-01
2.643455200195e+02 8.250278830528e-01
2.643457641602e+02 8.248299956322e-01
2.643460083008e+02 8.257658481598e-01
2.643462524414e+02 8.267096281052e-01
2.643464965820e+02 8.257040977478e-01
2.643467407227e+02 8.253899216652e-01
2.643469848633e+02 8.255162239075e-01
2.643472290039e+02 8.247735500336e-01
2.643474731445e+02 8.257321119308e-01
2.643477172852e+02 8.269205093384e-01
2.643479614258e+02 8.255863189697e-01
2.643482055664e+02 8.255296945572e-01
2.643484497070e+02 8.274403214455e-01
2.643486938477e+02 8.278678059578e-01
2.643489379883e+02 8.255630731583e-01
2.643491821289e+02 8.248642086983e-01
2.643494262695e+02 8.267560601234e-01
2.643496704102e+02 8.273214101791e-01
2.643499145508e+02 8.267351984978e-01
2.643501586914e+02 8.260498046875e-01
2.643504028320e+02 8.264483213425e-01
2.643506469727e+02 8.266335129738e-01
2.643508911133e+02 8.271923661232e-01
2.643511352539e+02 8.271331191063e-01
2.643513793945e+02 8.252700567245e-01
2.643516235352e+02 8.232384920120e-01
2.643518676758e+02 8.230090141296e-01
2.643521118164e+02 8.251385688782e-01
2.643523559570e+02 8.261532783508e-01
2.643526000977e+02 8.257660269737e-01
2.643528442383e+02 8.265737295151e-01
2.643530883789e+02 8.266183137894e-01
2.643533325195e+02 8.258209824562e-01
2.643535766602e+02 8.269934058189e-01
2.643538208008e+02 8.276737928391e-01
2.643540649414e+02 8.271186947823e-01
2.643543090820e+02 8.260160088539e-01
2.643545532227e+02 8.261455893517e-01
2.643547973633e+02 8.254932761192e-01
2.643550415039e+02 8.255651593208e-01
2.643552856445e+02 8.272578120232e-01
2.643555297852e+02 8.285120725632e-01
2.643557739258e+02 8.271319866180e-01
2.643560180664e+02 8.263846039772e-01
2.643562622070e+02 8.269478082657e-01
2.643565063477e+02 8.273508548737e-01
2.643567504883e+02 8.278624415398e-01
2.643569946289e+02 8.278293013573e-01
2.643572387695e+02 8.272236585617e-01
2.643574829102e+02 8.270605206490e-01
2.643577270508e+02 8.271833062172e-01
2.643579711914e+02 8.252275586128e-01
2.643582153320e+02 8.231718540192e-01
2.643584594727e+02 8.251053094864e-01
2.643587036133e+02 8.269751667976e-01
2.643589477539e+02 8.255224227905e-01
2.643591918945e+02 8.252120018005e-01
2.643594360352e+02 8.261247873306e-01
2.643596801758e+02 8.257762789726e-01
2.643599243164e+02 8.243307471275e-01
2.643601684570e+02 8.228848576546e-01
2.643604125977e+02 8.238306045532e-01
2.643606567383e+02 8.260932564735e-01
2.643609008789e+02 8.273422718048e-01
2.643611450195e+02 8.269504904747e-01
2.643613891602e+02 8.251754045486e-01
2.643616333008e+02 8.252959251404e-01
2.643618774414e+02 8.273272514343e-01
2.643621215820e+02 8.267841935158e-01
2.643623657227e+02 8.253755569458e-01
2.643626098633e+02 8.255419731140e-01
2.643628540039e+02 8.280635476112e-01
2.643630981445e+02 8.276045918465e-01
2.643633422852e+02 8.278228640556e-01
2.643635864258e+02 8.290609717369e-01
2.643638305664e+02 8.277698159218e-01
2.643640747070e+02 8.271288871765e-01
2.643643188477e+02 8.272935152054e-01
2.643645629883e+02 8.272193074226e-01
2.643648071289e+02 8.279506564140e-01
2.643650512695e+02 8.277458548546e-01
2.643652954102e+02 8.274895548820e-01
2.643655395508e+02 8.272098302841e-01
2.643657836914e+02 8.272681832314e-01
2.643660278320e+02 8.277653455734e-01
2.643662719727e+02 8.276828527451e-01
2.643665161133e+02 8.267713189125e-01
2.643667602539e+02 8.271036148071e-01
2.643670043945e+02 8.273600935936e-01
2.643672485352e+02 8.273121714592e-01
2.643674926758e+02 8.257233500481e-01
2.643677368164e+02 8.257454037666e-01
2.643679809570e+02 8.268035054207e-01
2.643682250977e+02 8.275309801102e-01
2.643684692383e+02 8.271280527115e-01
2.643687133789e+02 8.255859017372e-01
2.643689575195e+02 8.258353471756e-01
2.643692016602e+02 8.275170922279e-01
2.643694458008e+02 8.261585235596e-01
2.643696899414e+02 8.244787454605e-01
2.643699340820e+02 8.257827758789e-01
2.643701782227e+02 8.267686963081e-01
2.643704223633e+02 8.265058994293e-01
2.643706665039e+02 8.264775276184e-01
2.643709106445e+02 8.280663490295e-01
2.643711547852e+02 8.296995759010e-01
2.643713989258e+02 8.295594453812e-01
2.643716430664e+02 8.283825516701e-01
2.643718872070e+02 8.287587761879e-01
2.643721313477e+02 8.279941082001e-01
2.643723754883e+02 8.269942402840e-01
2.643726196289e+02 8.274182081223e-01
2.643728637695e+02 8.276718258858e-01
2.643731079102e+02 8.268181681633e-01
2.643733520508e+02 8.264442086220e-01
2.643735961914e+02 8.276648521423e-01
2.643738403320e+02 8.285846710205e-01
2.643740844727e+02 8.279696106911e-01
2.643743286133e+02 8.282335400581e-01
2.643745727539e+02 8.285990357399e-01
2.643748168945e+02 8.280251026154e-01
2.643750610352e+02 8.271384239197e-01
2.643753051758e+02 8.274105787277e-01
2.643755493164e+02 8.276572227478e-01
2.643757934570e+02 8.289392590523e-01
2.643760375977e+02 8.291724920273e-01
2.643762817383e+02 8.275343179703e-01
2.643765258789e+02 8.274468183517e-01
2.643767700195e+02 8.275598883629e-01
2.643770141602e+02 8.261550664902e-01
2.643772583008e+02 8.248081207275e-01
2.643775024414e+02 8.251228928566e-01
2.643777465820e+02 8.257914185524e-01
2.643779907227e+02 8.258737325668e-01
2.643782348633e+02 8.271687626839e-01
2.643784790039e+02 8.275871276855e-01
2.643787231445e+02 8.260914087296e-01
2.643789672852e+02 8.258087635040e-01
2.643792114258e+02 8.274479508400e-01
2.643794555664e+02 8.279642462730e-01
2.643796997070e+02 8.269952535629e-01
2.643799438477e+02 8.263376951218e-01
2.643801879883e+02 8.271431326866e-01
2.643804321289e+02 8.278409242630e-01
2.643806762695e+02 8.276467919350e-01
2.643809204102e+02 8.282834291458e-01
2.643811645508e+02 8.285897374153e-01
2.643814086914e+02 8.271076679230e-01
2.643816528320e+02 8.247350454330e-01
2.643818969727e+02 8.254898786545e-01
2.643821411133e+02 8.285440802574e-01
2.643823852539e+02 8.287281394005e-01
2.643826293945e+02 8.264662027359e-01
2.643828735352e+02 8.264942169189e-01
2.643831176758e+02 8.271313309669e-01
2.643833618164e+02 8.273882269859e-01
2.643836059570e+02 8.272473216057e-01
2.643838500977e+02 8.270258307457e-01
2.643840942383e+02 8.271716833115e-01
2.643843383789e+02 8.266850113869e-01
2.643845825195e+02 8.268113136292e-01
2.643848266602e+02 8.278509378433e-01
2.643850708008e+02 8.278558254242e-01
2.643853149414e+02 8.260231018066e-01
2.643855590820e+02 8.251731991768e-01
2.643858032227e+02 8.263060450554e-01
2.643860473633e+02 8.278748989105e-01
2.643862915039e+02 8.286639451981e-01
2.643865356445e+02 8.283574581146e-01
2.643867797852e+02 8.281030058861e-01
2.643870239258e+02 8.269745111465e-01
2.643872680664e+02 8.260914683342e-01
2.643875122070e+02 8.262956738472e-01
2.643877563477e+02 8.266806602478e-01
2.643880004883e+02 8.263134956360e-01
2.643882446289e+02 8.261479139328e-01
2.643884887695e+02 8.270058631897e-01
2.643887329102e+02 8.277511000633e-01
2.643889770508e+02 8.269991874695e-01
2.643892211914e+02 8.269002437592e-01
2.643894653320e+02 8.275696039200e-01
2.643897094727e+02 8.279603719711e-01
2.643899536133e+02 8.288872838020e-01
2.643901977539e+02 8.294913768768e-01
2.643904418945e+02 8.274953365326e-01
2.643906860352e+02 8.250845074654e-01
2.643909301758e+02 8.254638910294e-01
2.643911743164e+02 8.273472189903e-01
2.643914184570e+02 8.286370635033e-01
2.643916625977e+02 8.293818831444e-01
2.643919067383e+02 8.282657265663e-01
2.643921508789e+02 8.271797895432e-01
2.643923950195e+02 8.265839815140e-01
2.643926391602e+02 8.266139626503e-01
2.643928833008e+02 8.268307447433e-01
2.643931274414e+02 8.265987038612e-01
2.643933715820e+02 8.269420266151e-01
2.643936157227e+02 8.270277976990e-01
2.643938598633e+02 8.268005847931e-01
2.643941040039e+02 8.265982866287e-01
2.643943481445e+02 8.272563815117e-01
2.643945922852e+02 8.284472823143e-01
2.643948364258e+02 8.285680413246e-01
2.643950805664e+02 8.279813528061e-01
2.643953247070e+02 8.271546959877e-01
2.643955688477e+02 8.261931538582e-01
2.643958129883e+02 8.269766569138e-01
2.643960571289e+02 8.277475833893e-01
2.643963012695e+02 8.265715241432e-01
2.643965454102e+02 8.255336284637e-01
2.643967895508e+02 8.254301548004e-01
2.643970336914e+02 8.263419270515e-01
2.643972778320e+02 8.277333974838e-01
2.643975219727e+02 8.290088772774e-01
2.643977661133e+02 8.279715776443e-01
2.643980102539e+02 8.265743255615e-01
2.643982543945e+02 8.285166621208e-01
2.643984985352e+02 8.309530615807e-01
2.643987426758e+02 8.303858637810e-01
2.643989868164e+02 8.300411701202e-01
2.643992309570e+02 8.300573229790e-01
2.643994750977e+02 8.299530744553e-01
2.643997192383e+02 8.295693993568e-01
2.643999633789e+02 8.292756080627e-01
2.644002075195e+02 8.277505040169e-01
2.644004516602e+02 8.268460631371e-01
2.644006958008e+02 8.266439437866e-01
2.644009399414e+02 8.276686668396e-01
2.644012145996e+02 8.279538154602e-01
2.644014587402e+02 8.274629116058e-01
2.644017028809e+02 8.281203508377e-01
2.644019470215e+02 8.281767964363e-01
2.644021911621e+02 8.261047601700e-01
2.644024353027e+02 8.254460692406e-01
2.644026794434e+02 8.269228935242e-01
2.644029235840e+02 8.278936743736e-01
2.644031677246e+02 8.278778195381e-01
2.644034118652e+02 8.275918364525e-01
2.644036560059e+02 8.264933228493e-01
2.644039001465e+02 8.257666826248e-01
2.644041442871e+02 8.262161612511e-01
2.644043884277e+02 8.268131613731e-01
2.644046325684e+02 8.278504610062e-01
2.644048767090e+02 8.281309008598e-01
2.644051208496e+02 8.277971148491e-01
2.644053649902e+02 8.284255266190e-01
2.644056091309e+02 8.281554579735e-01
2.644058532715e+02 8.271250724792e-01
2.644060974121e+02 8.267078399658e-01
2.644063415527e+02 8.268885612488e-01
2.644065856934e+02 8.263971805573e-01
2.644068298340e+02 8.275847434998e-01
2.644070739746e+02 8.287979960442e-01
2.644073181152e+02 8.279716372490e-01
2.644075622559e+02 8.269693255424e-01
2.644078063965e+02 8.273995518684e-01
2.644080505371e+02 8.268143534660e-01
2.644082946777e+02 8.260564208031e-01
2.644085388184e+02 8.278417587280e-01
2.644087829590e+02 8.290213942528e-01
2.644090270996e+02 8.284032940865e-01
2.644092712402e+02 8.290506005287e-01
2.644095153809e+02 8.288319706917e-01
2.644097595215e+02 8.284640312195e-01
2.644100036621e+02 8.280166387558e-01
2.644102478027e+02 8.283284902573e-01
2.644104919434e+02 8.291116952896e-01
2.644107360840e+02 8.289976716042e-01
2.644109802246e+02 8.284825086594e-01
2.644112243652e+02 8.288415670395e-01
2.644114685059e+02 8.293073177338e-01
2.644117126465e+02 8.295802474022e-01
2.644119567871e+02 8.290456533432e-01
2.644122009277e+02 8.275749683380e-01
2.644124450684e+02 8.269389867783e-01
2.644126892090e+02 8.281199932098e-01
2.644129333496e+02 8.292829394341e-01
2.644131774902e+02 8.305054306984e-01
2.644134216309e+02 8.292982578278e-01
2.644136657715e+02 8.288588523865e-01
2.644139099121e+02 8.290218710899e-01
2.644141540527e+02 8.283782005310e-01
2.644143981934e+02 8.281571865082e-01
2.644146423340e+02 8.290069699287e-01
2.644148864746e+02 8.275784254074e-01
2.644151306152e+02 8.278015255928e-01
2.644153747559e+02 8.272040486336e-01
2.644156188965e+02 8.271803259850e-01
2.644158630371e+02 8.287301063538e-01
2.644161071777e+02 8.284327387810e-01
2.644163513184e+02 8.278849720955e-01
2.644165954590e+02 8.283139467239e-01
2.644168395996e+02 8.289946913719e-01
2.644170837402e+02 8.287621736526e-01
2.644173278809e+02 8.280649185181e-01
2.644175720215e+02 8.281230926514e-01
2.644178161621e+02 8.282965421677e-01
2.644180603027e+02 8.264892697334e-01
2.644183044434e+02 8.257070779800e-01
2.644185485840e+02 8.258658647537e-01
2.644187927246e+02 8.278628587723e-01
2.644190368652e+02 8.292401432991e-01
2.644192810059e+02 8.275704979897e-01
2.644195251465e+02 8.275076746941e-01
2.644197692871e+02 8.285568356514e-01
2.644200134277e+02 8.279480934143e-01
2.644202575684e+02 8.284614086151e-01
2.644205017090e+02 8.296927213669e-01
2.644207458496e+02 8.285451531410e-01
2.644209899902e+02 8.271280527115e-01
2.644212341309e+02 8.268399834633e-01
2.644214782715e+02 8.282545804977e-01
2.644217224121e+02 8.306665420532e-01
2.644219665527e+02 8.312426805496e-01
2.644222106934e+02 8.302860260010e-01
2.644224548340e+02 8.307524919510e-01
2.644226989746e+02 8.314804434776e-01
2.644229431152e+02 8.283256292343e-01
2.644231872559e+02 8.261896967888e-01
2.644234313965e+02 8.279680013657e-01
2.644236755371e+02 8.295921683311e-01
2.644239196777e+02 8.304536342621e-01
2.644241638184e+02 8.304304480553e-01
2.644244079590e+02 8.299497961998e-01
2.644246520996e+02 8.308246731758e-01
2.644248962402e+02 8.309364914894e-01
2.644251403809e+02 8.294193148613e-01
2.644253845215e+02 8.285501003265e-01
2.644256286621e+02 8.284644484520e-01
2.644258728027e+02 8.279150724411e-01
2.644261169434e+02 8.274930119514e-01
2.644263610840e+02 8.287325501442e-01
2.644266052246e+02 8.302819132805e-01
2.644268493652e+02 8.312703371048e-01
2.644270935059e+02 8.314433693886e-01
2.644273376465e+02 8.321687579155e-01
2.644275817871e+02 8.320503830910e-01
2.644278259277e+02 8.308452367783e-01
2.644280700684e+02 8.302158713341e-01
2.644283142090e+02 8.310424089432e-01
2.644285583496e+02 8.317975997925e-01
2.644288024902e+02 8.308722972870e-01
2.644290466309e+02 8.293182253838e-01
2.644292907715e+02 8.293792605400e-01
2.644295349121e+02 8.300480246544e-01
2.644297790527e+02 8.298316001892e-01
2.644300231934e+02 8.283062577248e-01
2.644302673340e+02 8.292980194092e-01
2.644305114746e+02 8.313948512077e-01
2.644307556152e+02 8.329199552536e-01
2.644309997559e+02 8.326674103737e-01
2.644312438965e+02 8.314099907875e-01
2.644314880371e+02 8.342034220695e-01
2.644317321777e+02 8.521425724030e-01
2.644319763184e+02 8.687033057213e-01
2.644322204590e+02 8.561608791351e-01
2.644324645996e+02 8.369746804237e-01
2.644327087402e+02 8.324959278107e-01
2.644329528809e+02 8.327971696854e-01
2.644331970215e+02 8.327271938324e-01
2.644334411621e+02 8.331859707832e-01
2.644336853027e+02 8.328813910484e-01
2.644339294434e+02 8.326861858368e-01
2.644341735840e+02 8.337065577507e-01
2.644344177246e+02 8.335441350937e-01
2.644346618652e+02 8.322333097458e-01
2.644349060059e+02 8.329046964645e-01
2.644351501465e+02 8.338145017624e-01
2.644353942871e+02 8.338024020195e-01
2.644356384277e+02 8.341531753540e-01
2.644358825684e+02 8.336023092270e-01
2.644361267090e+02 8.330447077751e-01
2.644363708496e+02 8.334343433380e-01
2.644366149902e+02 8.359731435776e-01
2.644368591309e+02 8.372733592987e-01
2.644371032715e+02 8.375070691109e-01
2.644373474121e+02 8.377981781960e-01
2.644375915527e+02 8.370609283447e-01
2.644378356934e+02 8.370379805565e-01
2.644380798340e+02 8.387115001678e-01
2.644383239746e+02 8.391947150230e-01
2.644385681152e+02 8.412989974022e-01
2.644388122559e+02 8.415753841400e-01
2.644390563965e+02 8.682047128677e-01
2.644393005371e+02 1.067266464233e+00
2.644395446777e+02 1.314295172691e+00
2.644397888184e+02 1.182978391647e+00
2.644400329590e+02 9.277685880661e-01
2.644402770996e+02 8.432348370552e-01
2.644405212402e+02 8.390521407127e-01
2.644407653809e+02 8.375414013863e-01
2.644410095215e+02 8.369990587234e-01
2.644412536621e+02 8.362684249878e-01
2.644414978027e+02 8.356636762619e-01
2.644417419434e+02 8.351396322250e-01
2.644419860840e+02 8.342477083206e-01
2.644422302246e+02 8.331978917122e-01
2.644424743652e+02 8.331601023674e-01
2.644427185059e+02 8.335656523705e-01
2.644429626465e+02 8.334761261940e-01
2.644432067871e+02 8.332121968269e-01
2.644434509277e+02 8.327679634094e-01
2.644436950684e+02 8.336358666420e-01
2.644439392090e+02 8.345881700516e-01
2.644441833496e+02 8.336050510406e-01
2.644444274902e+02 8.321209549904e-01
2.644446716309e+02 8.321807384491e-01
2.644449157715e+02 8.322758078575e-01
2.644451599121e+02 8.320131301880e-01
2.644454040527e+02 8.317146301270e-01
2.644456481934e+02 8.319168090820e-01
2.644458923340e+02 8.319532275200e-01
2.644461364746e+02 8.327408432961e-01
2.644463806152e+02 8.340343832970e-01
2.644466247559e+02 8.340430855751e-01
2.644468688965e+02 8.326028585434e-01
2.644471130371e+02 8.315075635910e-01
2.644473571777e+02 8.312602639198e-01
2.644476013184e+02 8.326321244240e-01
2.644478454590e+02 8.330491185188e-01
2.644480895996e+02 8.328783512115e-01
2.644483337402e+02 8.328246474266e-01
2.644485778809e+02 8.319116234779e-01
2.644488220215e+02 8.304596543312e-01
2.644490661621e+02 8.312277793884e-01
2.644493103027e+02 8.324894905090e-01
2.644495544434e+02 8.318668007851e-01
2.644497985840e+02 8.310903310776e-01
2.644500427246e+02 8.314398527145e-01
2.644502868652e+02 8.312010765076e-01
2.644505310059e+02 8.313300609589e-01
2.644507751465e+02 8.323259949684e-01
2.644510192871e+02 8.459039926529e-01
2.644512634277e+02 8.780193924904e-01
2.644515075684e+02 8.821196556091e-01
2.644517517090e+02 8.508164286613e-01
2.644519958496e+02 8.327816128731e-01
2.644522399902e+02 8.320661783218e-01
2.644524841309e+02 8.327221274376e-01
2.644527282715e+02 8.331370353699e-01
2.644529724121e+02 8.325912952423e-01
2.644532165527e+02 8.328556418419e-01
2.644534606934e+02 8.325361609459e-01
2.644537048340e+02 8.299172520638e-01
2.644539489746e+02 8.291723728180e-01
2.644541931152e+02 8.300431966782e-01
2.644544372559e+02 8.296238183975e-01
2.644546813965e+02 8.299337029457e-01
2.644549255371e+02 8.317908644676e-01
2.644551696777e+02 8.320988416672e-01
2.644554138184e+02 8.311748504639e-01
2.644556579590e+02 8.295068740845e-01
2.644559020996e+02 8.284325003624e-01
2.644561462402e+02 8.291054964066e-01
2.644563903809e+02 8.301021456718e-01
2.644566345215e+02 8.296608924866e-01
2.644568786621e+02 8.301676511765e-01
2.644571228027e+02 8.303354382515e-01
2.644573669434e+02 8.300677537918e-01
2.644576110840e+02 8.302186131477e-01
2.644578552246e+02 8.294683694839e-01
2.644580993652e+02 8.279588818550e-01
2.644583435059e+02 8.288458585739e-01
2.644585876465e+02 8.314015269279e-01
2.644588317871e+02 8.307813405991e-01
2.644590759277e+02 8.293612003326e-01
2.644593200684e+02 8.293756842613e-01
2.644595642090e+02 8.298632502556e-01
2.644598083496e+02 8.295911550522e-01
2.644600524902e+02 8.295173645020e-01
2.644602966309e+02 8.293414711952e-01
2.644605407715e+02 8.300611972809e-01
2.644607849121e+02 8.306075930595e-01
2.644610290527e+02 8.307105898857e-01
2.644612731934e+02 8.311313986778e-01
2.644615173340e+02 8.309138417244e-01
2.644617614746e+02 8.308455944061e-01
2.644620056152e+02 8.308618664742e-01
2.644622497559e+02 8.298755288124e-01
2.644624938965e+02 8.290801048279e-01
2.644627380371e+02 8.295260667801e-01
2.644629821777e+02 8.302938938141e-01
2.644632263184e+02 8.302634954453e-01
2.644634704590e+02 8.293976187706e-01
2.644637145996e+02 8.296020627022e-01
2.644639587402e+02 8.314942717552e-01
2.644642028809e+02 8.305737376213e-01
2.644644470215e+02 8.295326232910e-01
2.644646911621e+02 8.296481370926e-01
2.644649353027e+02 8.308369517326e-01
2.644651794434e+02 8.316518664360e-01
2.644654235840e+02 8.310676813126e-01
2.644656677246e+02 8.304884433746e-01
2.644659118652e+02 8.304334878922e-01
2.644661560059e+02 8.293336629868e-01
2.644664001465e+02 8.280237317085e-01
2.644666442871e+02 8.283548951149e-01
2.644668884277e+02 8.298608660698e-01
2.644671325684e+02 8.295172452927e-01
2.644673767090e+02 8.293866515160e-01
2.644676208496e+02 8.300628066063e-01
2.644678649902e+02 8.300818800926e-01
2.644681091309e+02 8.296491503716e-01
2.644683532715e+02 8.284149765968e-01
2.644685974121e+02 8.281097412109e-01
2.644688415527e+02 8.300081491470e-01
2.644690856934e+02 8.309124112129e-01
2.644693298340e+02 8.299554586411e-01
2.644695739746e+02 8.290293812752e-01
2.644698181152e+02 8.292733430862e-01
2.644700622559e+02 8.302158117294e-01
2.644703063965e+02 8.294095993042e-01
2.644705505371e+02 8.296890258789e-01
2.644707946777e+02 8.296728134155e-01
2.644710388184e+02 8.290277719498e-01
2.644712829590e+02 8.280210494995e-01
2.644715270996e+02 8.267487883568e-01
2.644717712402e+02 8.268095254898e-01
2.644720153809e+02 8.268638253212e-01
2.644722595215e+02 8.277781605721e-01
2.644725036621e+02 8.290162086487e-01
2.644727478027e+02 8.299089670181e-01
2.644729919434e+02 8.306963443756e-01
2.644732360840e+02 8.305934071541e-01
2.644734802246e+02 8.292427062988e-01
2.644737243652e+02 8.293949961662e-01
2.644739685059e+02 8.299829363823e-01
2.644742126465e+02 8.308146595955e-01
2.644744567871e+02 8.315181136131e-01
2.644747009277e+02 8.302618265152e-01
2.644749450684e+02 8.290781974792e-01
2.644751892090e+02 8.303093910217e-01
2.644754333496e+02 8.310320973396e-01
2.644756774902e+02 8.300553560257e-01
2.644759216309e+02 8.299872875214e-01
2.644761657715e+02 8.301657438278e-01
2.644764099121e+02 8.295205235481e-01
2.644766540527e+02 8.305787444115e-01
2.644768981934e+02 8.305224180222e-01
2.644771423340e+02 8.302901387215e-01
2.644773864746e+02 8.301275372505e-01
2.644776306152e+02 8.299918174744e-01
2.644778747559e+02 8.305639028549e-01
2.644781188965e+02 8.304411172867e-01
2.644783630371e+02 8.301315307617e-01
2.644786071777e+02 8.304203748703e-01
2.644788513184e+02 8.308583498001e-01
2.644790954590e+02 8.308025598526e-01
2.644793395996e+02 8.303159475327e-01
2.644795837402e+02 8.282313942909e-01
2.644798278809e+02 8.284710049629e-01
2.644800720215e+02 8.289029598236e-01
2.644803161621e+02 8.290243744850e-01
2.644805603027e+02 8.303062319756e-01
2.644808044434e+02 8.303352594376e-01
2.644810485840e+02 8.288465142250e-01
2.644812927246e+02 8.297065496445e-01
2.644815368652e+02 8.297871947289e-01
2.644817810059e+02 8.290781378746e-01
2.644820251465e+02 8.281973600388e-01
2.644822692871e+02 8.289847373962e-01
2.644825134277e+02 8.311363458633e-01
2.644827575684e+02 8.308976888657e-01
2.644830017090e+02 8.302049636841e-01
2.644832458496e+02 8.309240341187e-01
2.644834899902e+02 8.316041231155e-01
2.644837341309e+02 8.323104977608e-01
2.644839782715e+02 8.332421779633e-01
2.644842224121e+02 8.321794867516e-01
2.644844665527e+02 8.307873010635e-01
2.644847106934e+02 8.310973048210e-01
2.644849548340e+02 8.309327960014e-01
2.644851989746e+02 8.303116559982e-01
2.644854431152e+02 8.308435678482e-01
2.644856872559e+02 8.301523327827e-01
2.644859313965e+02 8.301797509193e-01
2.644861755371e+02 8.292583227158e-01
2.644864196777e+02 8.285354375839e-01
2.644866638184e+02 8.283293247223e-01
2.644869079590e+02 8.287100195885e-01
2.644871520996e+02 8.300610780716e-01
2.644873962402e+02 8.308010101318e-01
2.644876403809e+02 8.298599720001e-01
2.644878845215e+02 8.293756246567e-01
2.644881286621e+02 8.305339813232e-01
2.644883728027e+02 8.303672671318e-01
2.644886169434e+02 8.313946127892e-01
2.644888610840e+02 8.314464092255e-01
2.644891052246e+02 8.313354849815e-01
2.644893493652e+02 8.299902677536e-01
2.644895935059e+02 8.290680050850e-01
2.644898376465e+02 8.296591043472e-01
2.644900817871e+02 8.300302028656e-01
2.644903259277e+02 8.296121954918e-01
2.644905700684e+02 8.300870060921e-01
2.644908142090e+02 8.294120430946e-01
2.644910583496e+02 8.291781544685e-01
2.644913024902e+02 8.296682238579e-01
2.644915466309e+02 8.295658826828e-01
2.644917907715e+02 8.289729356766e-01
2.644920349121e+02 8.291571140289e-01
2.644922790527e+02 8.293552398682e-01
2.644925231934e+02 8.291949033737e-01
2.644927673340e+02 8.284557461739e-01
2.644930114746e+02 8.280889391899e-01
2.644932556152e+02 8.297643065453e-01
2.644934997559e+02 8.304260969162e-01
2.644937438965e+02 8.304414153099e-01
2.644939880371e+02 8.292898535728e-01
2.644942321777e+02 8.283942341805e-01
2.644944763184e+02 8.293648362160e-01
2.644947204590e+02 8.289799690247e-01
2.644949645996e+02 8.279136419296e-01
2.644952087402e+02 8.285478353500e-01
2.644954528809e+02 8.301174044609e-01
2.644956970215e+02 8.303875923157e-01
2.644959411621e+02 8.302650451660e-01
2.644961853027e+02 8.308963775635e-01
2.644964294434e+02 8.311445116997e-01
2.644966735840e+02 8.302592039108e-01
2.644969177246e+02 8.299564123154e-01
2.644971618652e+02 8.294472694397e-01
2.644974060059e+02 8.303257226944e-01
2.644976501465e+02 8.313345313072e-01
2.644978942871e+02 8.306136727333e-01
2.644981384277e+02 8.292751908302e-01
2.644983825684e+02 8.303372859955e-01
2.644986267090e+02 8.310990929604e-01
2.644988708496e+02 8.298437595367e-01
2.644991149902e+02 8.298196196556e-01
2.644993591309e+02 8.300572037697e-01
2.644996032715e+02 8.296428918839e-01
2.644998474121e+02 8.293384909630e-01
2.645000915527e+02 8.303757905960e-01
2.645003356934e+02 8.303025960922e-01
2.645005798340e+02 8.299047946930e-01
2.645008239746e+02 8.291951417923e-01
2.645010681152e+02 8.291892409325e-01
2.645013122559e+02 8.307185769081e-01
2.645015563965e+02 8.311876654625e-01
2.645018005371e+02 8.308748602867e-01
2.645020446777e+02 8.299957513809e-01
2.645022888184e+02 8.296906948090e-01
2.645025329590e+02 8.305895924568e-01
2.645027770996e+02 8.301396369934e-01
2.645030212402e+02 8.292781710625e-01
2.645032653809e+02 8.293442726135e-01
2.645035095215e+02 8.307726383209e-01
2.645037536621e+02 8.317747116089e-01
2.645039978027e+02 8.320420384407e-01
2.645042419434e+02 8.310560584068e-01
2.645044860840e+02 8.302868008614e-01
2.645047302246e+02 8.300509452820e-01
2.645049743652e+02 8.307079672813e-01
2.645052185059e+02 8.308534026146e-01
2.645054626465e+02 8.308113813400e-01
2.645057067871e+02 8.307672739029e-01
2.645059509277e+02 8.297697901726e-01
2.645061950684e+02 8.291224241257e-01
2.645064392090e+02 8.305878043175e-01
2.645066833496e+02 8.305690884590e-01
2.645069274902e+02 8.299528360367e-01
2.645071716309e+02 8.314452767372e-01
2.645074157715e+02 8.319005966187e-01
2.645076599121e+02 8.322591185570e-01
2.645079040527e+02 8.320629000664e-01
2.645081481934e+02 8.315642476082e-01
2.645083923340e+02 8.315305113792e-01
2.645086364746e+02 8.298474550247e-01
2.645088806152e+02 8.302821516991e-01
2.645091247559e+02 8.322070837021e-01
2.645093688965e+02 8.308499455452e-01
2.645096130371e+02 8.295841217041e-01
2.645098571777e+02 8.296993970871e-01
2.645101013184e+02 8.303282856941e-01
2.645103454590e+02 8.306920528412e-01
2.645105895996e+02 8.310059905052e-01
2.645108337402e+02 8.305309414864e-01
2.645110778809e+02 8.310338258743e-01
2.645113220215e+02 8.314185142517e-01
2.645115661621e+02 8.310735225677e-01
2.645118103027e+02 8.307547569275e-01
2.645120544434e+02 8.308818340302e-01
2.645122985840e+02 8.303540945053e-01
2.645125427246e+02 8.294662833214e-01
2.645127868652e+02 8.301914334297e-01
2.645130310059e+02 8.308346271515e-01
2.645132751465e+02 8.310962915421e-01
2.645135192871e+02 8.308517336845e-01
2.645137634277e+02 8.306218385696e-01
2.645140075684e+02 8.315609097481e-01
2.645142517090e+02 8.327394723892e-01
2.645144958496e+02 8.325805068016e-01
2.645147399902e+02 8.306385874748e-01
2.645149841309e+02 8.297619223595e-01
2.645152282715e+02 8.305373191833e-01
2.645154724121e+02 8.317092061043e-01
2.645157165527e+02 8.324820399284e-01
2.645159606934e+02 8.320452570915e-01
2.645162048340e+02 8.313533067703e-01
2.645164489746e+02 8.309823870659e-01
2.645166931152e+02 8.303968310356e-01
2.645169372559e+02 8.293493390083e-01
2.645171813965e+02 8.303666114807e-01
2.645174255371e+02 8.320727944374e-01
2.645176696777e+02 8.330147862434e-01
2.645179138184e+02 8.317509293556e-01
2.645181579590e+02 8.299456834793e-01
2.645184020996e+02 8.294738531113e-01
2.645186462402e+02 8.298574686050e-01
2.645188903809e+02 8.300064802170e-01
2.645191345215e+02 8.300209641457e-01
2.645193786621e+02 8.306249380112e-01
2.645196228027e+02 8.302481174469e-01
2.645198669434e+02 8.293750882149e-01
2.645201110840e+02 8.297266960144e-01
2.645203552246e+02 8.297815322876e-01
2.645205993652e+02 8.302076458931e-01
2.645208435059e+02 8.309682607651e-01
2.645210876465e+02 8.304208517075e-01
2.645213317871e+02 8.298820257187e-01
2.645215759277e+02 8.302598595619e-01
2.645218200684e+02 8.298103213310e-01
2.645220642090e+02 8.286041021347e-01
2.645223083496e+02 8.291558027267e-01
2.645225524902e+02 8.307204842567e-01
2.645227966309e+02 8.307500481606e-01
2.645230407715e+02 8.300540447235e-01
2.645232849121e+02 8.301305770874e-01
2.645235290527e+02 8.312216997147e-01
2.645237731934e+02 8.303100466728e-01
2.645240173340e+02 8.291732072830e-01
2.645242614746e+02 8.300806879997e-01
2.645245056152e+02 8.305257558823e-01
2.645247497559e+02 8.315873742104e-01
2.645249938965e+02 8.316739201546e-01
2.645252380371e+02 8.314915299416e-01
2.645254821777e+02 8.306022286415e-01
2.645257263184e+02 8.298910260201e-01
2.645259704590e+02 8.297389149666e-01
2.645262145996e+02 8.293114900589e-01
2.645264587402e+02 8.285025358200e-01
2.645267028809e+02 8.279660344124e-01
2.645269470215e+02 8.283436894417e-01
2.645271911621e+02 8.294005393982e-01
2.645274353027e+02 8.303804397583e-01
2.645276794434e+02 8.315870165825e-01
2.645279235840e+02 8.298321366310e-01
2.645281677246e+02 8.287380337715e-01
2.645284118652e+02 8.291303515434e-01
2.645286560059e+02 8.300281167030e-01
2.645289001465e+02 8.316485881805e-01
2.645291442871e+02 8.326926827431e-01
2.645293884277e+02 8.313285708427e-01
2.645296325684e+02 8.306052088737e-01
2.645298767090e+02 8.299756646156e-01
2.645301208496e+02 8.299508690834e-01
2.645303649902e+02 8.304358720779e-01
2.645306091309e+02 8.296387791634e-01
2.645308532715e+02 8.302385210991e-01
2.645310974121e+02 8.312457203865e-01
2.645313415527e+02 8.307063579559e-01
2.645315856934e+02 8.298767805099e-01
2.645318298340e+02 8.286870718002e-01
2.645320739746e+02 8.292118310928e-01
2.645323181152e+02 8.317596912384e-01
2.645325622559e+02 8.321627378464e-01
2.645328063965e+02 8.318977355957e-01
2.645330505371e+02 8.309657573700e-01
2.645332946777e+02 8.292949795723e-01
2.645335388184e+02 8.298410177231e-01
2.645337829590e+02 8.312318325043e-01
2.645340270996e+02 8.313558697701e-01
2.645342712402e+02 8.299409747124e-01
2.645345153809e+02 8.288005590439e-01
2.645347595215e+02 8.280271887779e-01
2.645350036621e+02 8.293886780739e-01
2.645352478027e+02 8.305646181107e-01
2.645354919434e+02 8.299219608307e-01
2.645357360840e+02 8.277813196182e-01
2.645359802246e+02 8.273722529411e-01
2.645362243652e+02 8.295384049416e-01
2.645364685059e+02 8.314160704613e-01
2.645367126465e+02 8.308365941048e-01
2.645369567871e+02 8.294364213943e-01
2.645372009277e+02 8.290687799454e-01
2.645374450684e+02 8.293241262436e-01
2.645376892090e+02 8.297977447510e-01
2.645379333496e+02 8.301073312759e-01
2.645381774902e+02 8.293786644936e-01
2.645384216309e+02 8.293694257736e-01
2.645386657715e+02 8.300619125366e-01
2.645389099121e+02 8.316252827644e-01
2.645391540527e+02 8.300729393959e-01
2.645393981934e+02 8.275614976883e-01
2.645396423340e+02 8.281694054604e-01
2.645398864746e+02 8.301346302032e-01
2.645401306152e+02 8.303431868553e-01
2.645403747559e+02 8.295691013336e-01
2.645406188965e+02 8.298884034157e-01
2.645408630371e+02 8.305888175964e-01
2.645411071777e+02 8.305023908615e-01
2.645413513184e+02 8.313925862312e-01
2.645415954590e+02 8.323497772217e-01
2.645418395996e+02 8.318045139313e-01
2.645420837402e+02 8.303087353706e-01
2.645423278809e+02 8.298116922379e-01
2.645425720215e+02 8.314396142960e-01
2.645428161621e+02 8.318683505058e-01
2.645430603027e+02 8.321198225021e-01
2.645433044434e+02 8.319262862206e-01
2.645435485840e+02 8.314594626427e-01
2.645437927246e+02 8.321962952614e-01
2.645440368652e+02 8.314708471298e-01
2.645442810059e+02 8.306486606598e-01
2.645445251465e+02 8.324260115623e-01
2.645447692871e+02 8.319588303566e-01
2.645450134277e+02 8.288546204567e-01
2.645452575684e+02 8.282688856125e-01
2.645455017090e+02 8.297320604324e-01
2.645457458496e+02 8.297584056854e-01
2.645459899902e+02 8.319367766380e-01
2.645462341309e+02 8.340898156166e-01
2.645464782715e+02 8.336755633354e-01
2.645467224121e+02 8.313206434250e-01
2.645469665527e+02 8.301728963852e-01
2.645472106934e+02 8.307877779007e-01
2.645474548340e+02 8.317708373070e-01
2.645476989746e+02 8.308598995209e-01
2.645479431152e+02 8.298327922821e-01
2.645481872559e+02 8.299254775047e-01
2.645484313965e+02 8.293563127518e-01
2.645486755371e+02 8.298348188400e-01
2.645489196777e+02 8.312485218048e-01
2.645491638184e+02 8.310352563858e-01
2.645494079590e+02 8.308253288269e-01
2.645496520996e+02 8.304822444916e-01
2.645498962402e+02 8.308945298195e-01
2.645501403809e+02 8.314542174339e-01
2.645503845215e+02 8.325987458229e-01
2.645506286621e+02 8.338144421577e-01
2.645508728027e+02 8.324067592621e-01
2.645511169434e+02 8.321478366852e-01
2.645513610840e+02 8.322178721428e-01
2.645516052246e+02 8.320584893227e-01
2.645518493652e+02 8.321247100830e-01
2.645520935059e+02 8.307601213455e-01
2.645523376465e+02 8.290934562683e-01
2.645525817871e+02 8.297069072723e-01
2.645528259277e+02 8.312938213348e-01
2.645530700684e+02 8.320886492729e-01
2.645533142090e+02 8.322235345840e-01
2.645535583496e+02 8.326349854469e-01
2.645538024902e+02 8.332213163376e-01
2.645540466309e+02 8.310585618019e-01
2.645542907715e+02 8.295091986656e-01
2.645545349121e+02 8.305636048317e-01
2.645547790527e+02 8.320196866989e-01
2.645550231934e+02 8.327190279961e-01
2.645552673340e+02 8.317357301712e-01
2.645555114746e+02 8.318063020706e-01
2.645557556152e+02 8.331696987152e-01
2.645559997559e+02 8.338822722435e-01
2.645562438965e+02 8.345199823380e-01
2.645564880371e+02 8.340905308723e-01
2.645567321777e+02 8.334605693817e-01
2.645569763184e+02 8.332298398018e-01
2.645572204590e+02 8.332625031471e-01
2.645574645996e+02 8.325792551041e-01
2.645577087402e+02 8.319011330605e-01
2.645579528809e+02 8.310078978539e-01
2.645581970215e+02 8.310177922249e-01
2.645584411621e+02 8.316459655762e-01
2.645586853027e+02 8.306446671486e-01
2.645589294434e+02 8.298734426498e-01
2.645591735840e+02 8.301590085030e-01
2.645594177246e+02 8.291448354721e-01
2.645596618652e+02 8.282759189606e-01
2.645599060059e+02 8.296462893486e-01
2.645601501465e+02 8.313935995102e-01
2.645603942871e+02 8.315850496292e-01
2.645606384277e+02 8.313207030296e-01
2.645608825684e+02 8.317635655403e-01
2.645611267090e+02 8.319620490074e-01
2.645613708496e+02 8.313334584236e-01
2.645616149902e+02 8.316673040390e-01
2.645618591309e+02 8.323084115982e-01
2.645621032715e+02 8.317899107933e-01
2.645623474121e+02 8.307089805603e-01
2.645625915527e+02 8.307974934578e-01
2.645628356934e+02 8.321834802628e-01
2.645630798340e+02 8.323606848717e-01
2.645633239746e+02 8.304079771042e-01
2.645635681152e+02 8.301714062691e-01
2.645638122559e+02 8.312516808510e-01
2.645640563965e+02 8.326827883720e-01
2.645643005371e+02 8.328685164452e-01
2.645645446777e+02 8.317332863808e-01
2.645647888184e+02 8.304330706596e-01
2.645650329590e+02 8.303160667419e-01
2.645652770996e+02 8.312149643898e-01
2.645655212402e+02 8.327491283417e-01
2.645657653809e+02 8.329456448555e-01
2.645660095215e+02 8.334766030312e-01
2.645662536621e+02 8.339530825615e-01
2.645664978027e+02 8.334333300591e-01
2.645667419434e+02 8.337196707726e-01
2.645669860840e+02 8.323274850845e-01
2.645672302246e+02 8.309947252274e-01
2.645674743652e+02 8.327063918114e-01
2.645677185059e+02 8.331643342972e-01
2.645679626465e+02 8.316004872322e-01
2.645682067871e+02 8.316426873207e-01
2.645684509277e+02 8.330019712448e-01
2.645686950684e+02 8.332939147949e-01
2.645689392090e+02 8.317800760269e-01
2.645691833496e+02 8.312484622002e-01
2.645694274902e+02 8.314203023911e-01
2.645696716309e+02 8.312706351280e-01
2.645699157715e+02 8.319013714790e-01
2.645701599121e+02 8.322643041611e-01
2.645704040527e+02 8.328221440315e-01
2.645706481934e+02 8.333296179771e-01
2.645708923340e+02 8.317294716835e-01
2.645711364746e+02 8.309523463249e-01
2.645713806152e+02 8.313031792641e-01
2.645716247559e+02 8.320971131325e-01
2.645718688965e+02 8.319312930107e-01
2.645721130371e+02 8.312543630600e-01
2.645723571777e+02 8.321062922478e-01
2.645726013184e+02 8.323308825493e-01
2.645728454590e+02 8.315681219101e-01
2.645730895996e+02 8.320611715317e-01
2.645733337402e+02 8.321515917778e-01
2.645735778809e+02 8.311450481415e-01
2.645738220215e+02 8.304401040077e-01
2.645740661621e+02 8.310430049896e-01
2.645743103027e+02 8.308534622192e-01
2.645745544434e+02 8.303980231285e-01
2.645747985840e+02 8.308930397034e-01
2.645750427246e+02 8.306588530540e-01
2.645752868652e+02 8.295753002167e-01
2.645755310059e+02 8.305032253265e-01
2.645757751465e+02 8.316211700439e-01
2.645760192871e+02 8.312477469444e-01
2.645762634277e+02 8.317093253136e-01
2.645765075684e+02 8.320871591568e-01
2.645767517090e+02 8.319254517555e-01
2.645769958496e+02 8.320343494415e-01
2.645772399902e+02 8.317080736160e-01
2.645774841309e+02 8.304435610771e-01
2.645777282715e+02 8.304685354233e-01
2.645779724121e+02 8.325479626656e-01
2.645782165527e+02 8.322030305862e-01
2.645784606934e+02 8.305384516716e-01
2.645787048340e+02 8.321354389191e-01
2.645789489746e+02 8.341279625893e-01
2.645791931152e+02 8.338018655777e-01
2.645794372559e+02 8.327903151512e-01
2.645796813965e+02 8.318135142326e-01
2.645799255371e+02 8.303903937340e-01
2.645801696777e+02 8.310242295265e-01
2.645804138184e+02 8.328286409378e-01
2.645806579590e+02 8.326221704483e-01
2.645809020996e+02 8.319899439812e-01
2.645811462402e+02 8.323708176613e-01
2.645813903809e+02 8.319552540779e-01
2.645816345215e+02 8.309535980225e-01
2.645818786621e+02 8.312443494797e-01
2.645821228027e+02 8.326001167297e-01
2.645823669434e+02 8.327364921570e-01
2.645826110840e+02 8.321849703789e-01
2.645828552246e+02 8.319188952446e-01
2.645830993652e+02 8.315226435661e-01
2.645833435059e+02 8.299615979195e-01
2.645835876465e+02 8.296062350273e-01
2.645838317871e+02 8.324505686760e-01
2.645840759277e+02 8.339257240295e-01
2.645843200684e+02 8.327794075012e-01
2.645845642090e+02 8.319635987282e-01
2.645848083496e+02 8.321174979210e-01
2.645850524902e+02 8.322000503540e-01
2.645852966309e+02 8.321756720543e-01
2.645855407715e+02 8.324289321899e-01
2.645857849121e+02 8.315893411636e-01
2.645860290527e+02 8.312867879868e-01
2.645862731934e+02 8.327099084854e-01
2.645865173340e+02 8.327782154083e-01
2.645867614746e+02 8.324451446533e-01
2.645870056152e+02 8.327652215958e-01
2.645872497559e+02 8.341416120529e-01
2.645874938965e+02 8.337119817734e-01
2.645877380371e+02 8.331121206284e-01
2.645879821777e+02 8.320770859718e-01
2.645882263184e+02 8.316087722778e-01
2.645884704590e+02 8.313228487968e-01
2.645887145996e+02 8.310720324516e-01
2.645889587402e+02 8.306525349617e-01
2.645892028809e+02 8.301292657852e-01
2.645894470215e+02 8.305434584618e-01
2.645896911621e+02 8.322287201881e-01
2.645899353027e+02 8.322881460190e-01
2.645901794434e+02 8.311988711357e-01
2.645904235840e+02 8.313167095184e-01
2.645906677246e+02 8.317886590958e-01
2.645909118652e+02 8.305705785751e-01
2.645911560059e+02 8.304836153984e-01
2.645914001465e+02 8.311133384705e-01
2.645916442871e+02 8.325960636139e-01
2.645918884277e+02 8.328223824501e-01
2.645921325684e+02 8.315940499306e-01
2.645923767090e+02 8.312336206436e-01
2.645926208496e+02 8.305823802948e-01
2.645928649902e+02 8.291849493980e-01
2.645931091309e+02 8.305615186691e-01
2.645933532715e+02 8.320478796959e-01
2.645935974121e+02 8.313488364220e-01
2.645938415527e+02 8.301270604134e-01
2.645940856934e+02 8.292220830917e-01
2.645943298340e+02 8.290205597878e-01
2.645945739746e+02 8.301148414612e-01
2.645948181152e+02 8.312590122223e-01
2.645950622559e+02 8.320879340172e-01
2.645953063965e+02 8.316234350204e-01
2.645955505371e+02 8.307680487633e-01
2.645957946777e+02 8.315539956093e-01
2.645960388184e+02 8.324204683304e-01
2.645962829590e+02 8.321295380592e-01
2.645965270996e+02 8.313171267509e-01
2.645967712402e+02 8.316629528999e-01
2.645970153809e+02 8.319398164749e-01
2.645972595215e+02 8.307555913925e-01
2.645975036621e+02 8.312413096428e-01
2.645977478027e+02 8.320640921593e-01
2.645979919434e+02 8.306148648262e-01
2.645982360840e+02 8.302012681961e-01
2.645984802246e+02 8.310225605965e-01
2.645987243652e+02 8.313919901848e-01
2.645989685059e+02 8.316934704781e-01
2.645992126465e+02 8.312026858330e-01
2.645994567871e+02 8.299333453178e-01
2.645997009277e+02 8.310366868973e-01
2.645999450684e+02 8.321713209152e-01
2.646001892090e+02 8.323441147804e-01
2.646004333496e+02 8.312009572983e-01
2.646006774902e+02 8.317655920982e-01
2.646009216309e+02 8.323618769646e-01
2.646011657715e+02 8.303927183151e-01
2.646014099121e+02 8.290551900864e-01
2.646016540527e+02 8.298845291138e-01
2.646018981934e+02 8.305973410606e-01
2.646021423340e+02 8.318189978600e-01
2.646023864746e+02 8.320614099503e-01
2.646026306152e+02 8.319578766823e-01
2.646028747559e+02 8.314025998116e-01
2.646031188965e+02 8.315280079842e-01
2.646033630371e+02 8.314532637596e-01
2.646036071777e+02 8.323659300804e-01
2.646038513184e+02 8.334473371506e-01
2.646040954590e+02 8.324325084686e-01
2.646043395996e+02 8.303505182266e-01
2.646045837402e+02 8.322502374649e-01
2.646048278809e+02 8.334281444550e-01
2.646050720215e+02 8.317395448685e-01
2.646053161621e+02 8.312749266624e-01
2.646055603027e+02 8.328444361687e-01
2.646058044434e+02 8.324167132378e-01
2.646060485840e+02 8.307890892029e-01
2.646062927246e+02 8.308351039886e-01
2.646065368652e+02 8.315029144287e-01
2.646067810059e+02 8.308402895927e-01
2.646070251465e+02 8.298090100288e-01
2.646072692871e+02 8.296546936035e-01
2.646075134277e+02 8.301006555557e-01
2.646077575684e+02 8.306968212128e-01
2.646080017090e+02 8.324987292290e-01
2.646082458496e+02 8.326665163040e-01
2.646084899902e+02 8.316141963005e-01
2.646087341309e+02 8.311857581139e-01
2.646089782715e+02 8.311741948128e-01
2.646092224121e+02 8.311859965324e-01
2.646094665527e+02 8.311200141907e-01
2.646097106934e+02 8.302704691887e-01
2.646099548340e+02 8.308166861534e-01
2.646101989746e+02 8.320910334587e-01
2.646104431152e+02 8.327059745789e-01
2.646106872559e+02 8.324023485184e-01
2.646109313965e+02 8.337151408195e-01
2.646111755371e+02 8.343486785889e-01
2.646114196777e+02 8.325051665306e-01
2.646116638184e+02 8.333101272583e-01
2.646119079590e+02 8.346444964409e-01
2.646121520996e+02 8.330105543137e-01
2.646123962402e+02 8.332191109657e-01
2.646126403809e+02 8.331891894341e-01
2.646128845215e+02 8.313103318214e-01
2.646131286621e+02 8.310334682465e-01
2.646133728027e+02 8.335576057434e-01
2.646136169434e+02 8.345933556557e-01
2.646138610840e+02 8.355066180229e-01
2.646141052246e+02 8.374113440514e-01
2.646143493652e+02 8.380241990089e-01
2.646145935059e+02 8.368838429451e-01
2.646148376465e+02 8.351418972015e-01
2.646150817871e+02 8.334156274796e-01
2.646153259277e+02 8.317044377327e-01
2.646155700684e+02 8.320493698120e-01
2.646158142090e+02 8.356061577797e-01
2.646160583496e+02 8.384211063385e-01
2.646163024902e+02 8.373559713364e-01
2.646165466309e+02 8.356339931488e-01
2.646167907715e+02 8.341866135597e-01
2.646170349121e+02 8.325418829918e-01
2.646172790527e+02 8.316615223885e-01
2.646175231934e+02 8.309006690979e-01
2.646177673340e+02 8.302046060562e-01
2.646180114746e+02 8.310527801514e-01
2.646182556152e+02 8.319322466850e-01
2.646184997559e+02 8.329656124115e-01
2.646187438965e+02 8.335670828819e-01
2.646189880371e+02 8.319665789604e-01
2.646192321777e+02 8.323102593422e-01
2.646194763184e+02 8.339683413506e-01
2.646197204590e+02 8.354216814041e-01
2.646199645996e+02 8.348364233971e-01
2.646202087402e+02 8.327631354332e-01
2.646204528809e+02 8.330029845238e-01
2.646206970215e+02 8.332129120827e-01
2.646209411621e+02 8.327550888062e-01
2.646211853027e+02 8.333863019943e-01
2.646214294434e+02 8.336196541786e-01
2.646216735840e+02 8.321906924248e-01
2.646219177246e+02 8.313006758690e-01
2.646221618652e+02 8.332908749580e-01
2.646224060059e+02 8.348676562309e-01
2.646226501465e+02 8.342150449753e-01
2.646228942871e+02 8.334683775902e-01
2.646231384277e+02 8.331788778305e-01
2.646233825684e+02 8.328393697739e-01
2.646236267090e+02 8.335165381432e-01
2.646238708496e+02 8.348388671875e-01
2.646241149902e+02 8.339155912399e-01
2.646243591309e+02 8.320546746254e-01
2.646246032715e+02 8.323099017143e-01
2.646248474121e+02 8.333968520164e-01
2.646250915527e+02 8.341913223267e-01
2.646253356934e+02 8.346967101097e-01
2.646255798340e+02 8.328251838684e-01
2.646258239746e+02 8.317840695381e-01
2.646260681152e+02 8.318411707878e-01
2.646263122559e+02 8.313687443733e-01
2.646265563965e+02 8.320910930634e-01
2.646268005371e+02 8.321122527122e-01
2.646270446777e+02 8.322545289993e-01
2.646272888184e+02 8.323772549629e-01
2.646275329590e+02 8.313686251640e-01
2.646277770996e+02 8.310609459877e-01
2.646280212402e+02 8.313598036766e-01
2.646282653809e+02 8.315789699554e-01
2.646285095215e+02 8.321751356125e-01
2.646287536621e+02 8.340567350388e-01
2.646289978027e+02 8.345080018044e-01
2.646292419434e+02 8.326572179794e-01
2.646294860840e+02 8.321884274483e-01
2.646297302246e+02 8.336144089699e-01
2.646299743652e+02 8.337392210960e-01
2.646302185059e+02 8.317859768867e-01
2.646304626465e+02 8.307276964188e-01
2.646307067871e+02 8.309234380722e-01
2.646309509277e+02 8.337838053703e-01
2.646311950684e+02 8.337894678116e-01
2.646314392090e+02 8.324598670006e-01
2.646316833496e+02 8.328271508217e-01
2.646319274902e+02 8.325315713882e-01
2.646321716309e+02 8.310244679451e-01
2.646324157715e+02 8.309090137482e-01
2.646326599121e+02 8.328464031219e-01
2.646329040527e+02 8.337804079056e-01
2.646331481934e+02 8.338145017624e-01
2.646333923340e+02 8.324973583221e-01
2.646336364746e+02 8.310128450394e-01
2.646338806152e+02 8.320776820183e-01
2.646341247559e+02 8.322920799255e-01
2.646343688965e+02 8.317456841469e-01
2.646346130371e+02 8.309425711632e-01
2.646348571777e+02 8.295211195946e-01
2.646351013184e+02 8.300496935844e-01
2.646353454590e+02 8.321995139122e-01
2.646355895996e+02 8.337811827660e-01
2.646358337402e+02 8.333876729012e-01
2.646360778809e+02 8.326044082642e-01
2.646363220215e+02 8.330463767052e-01
2.646365661621e+02 8.328527808189e-01
2.646368103027e+02 8.328588604927e-01
2.646370544434e+02 8.320622444153e-01
2.646372985840e+02 8.327407240868e-01
2.646375427246e+02 8.339833021164e-01
2.646377868652e+02 8.334310054779e-01
2.646380310059e+02 8.324519991875e-01
2.646382751465e+02 8.330429196358e-01
2.646385192871e+02 8.335395455360e-01
2.646387634277e+02 8.319477438927e-01
2.646390075684e+02 8.313117027283e-01
2.646392517090e+02 8.322497010231e-01
2.646394958496e+02 8.336234688759e-01
2.646397399902e+02 8.335428237915e-01
2.646399841309e+02 8.330578804016e-01
2.646402282715e+02 8.330488204956e-01
2.646404724121e+02 8.329660296440e-01
2.646407165527e+02 8.321372866631e-01
2.646409606934e+02 8.311976790428e-01
2.646412048340e+02 8.323163986206e-01
2.646414489746e+02 8.334662914276e-01
2.646416931152e+02 8.326405286789e-01
2.646419372559e+02 8.325284123421e-01
2.646421813965e+02 8.335163593292e-01
2.646424255371e+02 8.335415720940e-01
2.646426696777e+02 8.333612680435e-01
2.646429138184e+02 8.332208395004e-01
2.646431579590e+02 8.329393267632e-01
2.646434020996e+02 8.323982357979e-01
2.646436462402e+02 8.315781950951e-01
2.646438903809e+02 8.322210907936e-01
2.646441345215e+02 8.335961699486e-01
2.646443786621e+02 8.327215909958e-01
2.646446228027e+02 8.321665525436e-01
2.646448669434e+02 8.323896527290e-01
2.646451110840e+02 8.325629234314e-01
2.646453552246e+02 8.329166769981e-01
2.646455993652e+02 8.318493366241e-01
2.646458435059e+02 8.315481543541e-01
2.646460876465e+02 8.343381285667e-01
2.646463317871e+02 8.358693718910e-01
2.646465759277e+02 8.361074328423e-01
2.646468200684e+02 8.356246352196e-01
2.646470642090e+02 8.344058394432e-01
2.646473083496e+02 8.348372578621e-01
2.646475524902e+02 8.339353203773e-01
2.646477966309e+02 8.327198624611e-01
2.646480407715e+02 8.340044617653e-01
2.646482849121e+02 8.349916338921e-01
2.646485290527e+02 8.337682485580e-01
2.646487731934e+02 8.331037759781e-01
2.646490173340e+02 8.335007429123e-01
2.646492614746e+02 8.337752819061e-01
2.646495056152e+02 8.332093358040e-01
2.646497497559e+02 8.338829278946e-01
2.646499938965e+02 8.343733549118e-01
2.646502380371e+02 8.344564437866e-01
2.646504821777e+02 8.335663080215e-01
2.646507263184e+02 8.339238166809e-01
2.646509704590e+02 8.344951868057e-01
2.646512145996e+02 8.340240120888e-01
2.646514587402e+02 8.336717486382e-01
2.646517028809e+02 8.336637020111e-01
2.646519470215e+02 8.337372541428e-01
2.646521911621e+02 8.337837457657e-01
2.646524353027e+02 8.355065584183e-01
2.646526794434e+02 8.360337615013e-01
2.646529235840e+02 8.346055746078e-01
2.646531677246e+02 8.323506712914e-01
2.646534118652e+02 8.338631987572e-01
2.646536560059e+02 8.353578448296e-01
2.646539001465e+02 8.335333466530e-01
2.646541442871e+02 8.322325348854e-01
2.646543884277e+02 8.339753150940e-01
2.646546325684e+02 8.349661231041e-01
2.646548767090e+02 8.351976275444e-01
2.646551208496e+02 8.335039019585e-01
2.646553649902e+02 8.338937759399e-01
2.646556091309e+02 8.362306952477e-01
2.646558532715e+02 8.353570103645e-01
2.646560974121e+02 8.338974714279e-01
2.646563415527e+02 8.343204259872e-01
2.646565856934e+02 8.359481096268e-01
2.646568298340e+02 8.358632326126e-01
2.646570739746e+02 8.352110385895e-01
2.646573181152e+02 8.356164097786e-01
2.646575622559e+02 8.367606401443e-01
2.646578063965e+02 8.357268571854e-01
2.646580505371e+02 8.343738913536e-01
2.646582946777e+02 8.361927866936e-01
2.646585388184e+02 8.378152847290e-01
2.646587829590e+02 8.378571271896e-01
2.646590270996e+02 8.382515907288e-01
2.646592712402e+02 8.378503918648e-01
2.646595153809e+02 8.342580795288e-01
2.646597595215e+02 8.321734666824e-01
2.646600036621e+02 8.330721259117e-01
2.646602478027e+02 8.346140980721e-01
2.646604919434e+02 8.362170457840e-01
2.646607360840e+02 8.355025649071e-01
2.646609802246e+02 8.339414000511e-01
2.646612243652e+02 8.336981534958e-01
2.646614685059e+02 8.348526954651e-01
2.646617126465e+02 8.357065916061e-01
2.646619567871e+02 8.360021710396e-01
2.646622009277e+02 8.366173505783e-01
2.646624450684e+02 8.366916179657e-01
2.646626892090e+02 8.350660800934e-01
2.646629333496e+02 8.338727951050e-01
2.646631774902e+02 8.341408967972e-01
2.646634216309e+02 8.343063592911e-01
2.646636657715e+02 8.351781964302e-01
2.646639099121e+02 8.357790708542e-01
2.646641540527e+02 8.364585638046e-01
2.646643981934e+02 8.348770737648e-01
2.646646423340e+02 8.339309096336e-01
2.646648864746e+02 8.356817960739e-01
2.646651306152e+02 8.347804546356e-01
2.646653747559e+02 8.340777158737e-01
2.646656188965e+02 8.361455798149e-01
2.646658630371e+02 8.372369408607e-01
2.646661071777e+02 8.349330425262e-01
2.646663513184e+02 8.334767818451e-01
