#title: Spectral profile - Win3.clean0.image-raster
#region (world): Ellipse[[16:58:49.516, -20d57m16.516], [16:58:49.359, -20d57m14.74]]
#region (pixel): Ellipse[[181, 182], [203, 200]]
#coordinate: world
#xLabel: frequency [MHz]
#yLabel: [Jy] Flux Density

# Win0.clean0.image-raster
2.500542343750e+05 1.320480942726e+00
2.500540000000e+05 1.313612341881e+00
2.500537500000e+05 1.312707901001e+00
2.500535000000e+05 1.314873099327e+00
2.500532656250e+05 1.314227819443e+00
2.500530156250e+05 1.315782308578e+00
2.500527812500e+05 1.313986063004e+00
2.500525312500e+05 1.308822393417e+00
2.500522812500e+05 1.309996962547e+00
2.500520468750e+05 1.316787838936e+00
2.500517968750e+05 1.323105335236e+00
2.500515468750e+05 1.323460221291e+00
2.500513125000e+05 1.321256637573e+00
2.500510625000e+05 1.330266118050e+00
2.500508281250e+05 1.347071290016e+00
2.500505781250e+05 1.353941321373e+00
2.500503281250e+05 1.340095400810e+00
2.500500937500e+05 1.326719880104e+00
2.500498437500e+05 1.324075698853e+00
2.500495937500e+05 1.320810079575e+00
2.500493593750e+05 1.314173340797e+00
2.500491093750e+05 1.312104344368e+00
2.500488750000e+05 1.317501544952e+00
2.500486250000e+05 1.322190284729e+00
2.500483750000e+05 1.321094036102e+00
2.500481406250e+05 1.314429521561e+00
2.500478906250e+05 1.311652302742e+00
2.500476406250e+05 1.318958878517e+00
2.500474062500e+05 1.323200225830e+00
2.500471562500e+05 1.318547725677e+00
2.500469218750e+05 1.313532471657e+00
2.500466718750e+05 1.310939669609e+00
2.500464218750e+05 1.308190345764e+00
2.500461875000e+05 1.303470253944e+00
2.500459375000e+05 1.303091764450e+00
2.500456875000e+05 1.307977795601e+00
2.500454531250e+05 1.307112574577e+00
2.500452031250e+05 1.301895618439e+00
2.500449687500e+05 1.301987171173e+00
2.500447187500e+05 1.303361535072e+00
2.500444687500e+05 1.306055665016e+00
2.500442343750e+05 1.309453368187e+00
2.500439843750e+05 1.307639479637e+00
2.500437343750e+05 1.304480314255e+00
2.500435000000e+05 1.305268287659e+00
2.500432500000e+05 1.308892011642e+00
2.500430156250e+05 1.312782406807e+00
2.500427656250e+05 1.311154484749e+00
2.500425156250e+05 1.307309985161e+00
2.500422812500e+05 1.307634711266e+00
2.500420312500e+05 1.305766940117e+00
2.500417812500e+05 1.302736639977e+00
2.500415468750e+05 1.303829073906e+00
2.500412968750e+05 1.305496215820e+00
2.500410625000e+05 1.304727554321e+00
2.500408125000e+05 1.304485678673e+00
2.500405625000e+05 1.307337880135e+00
2.500403281250e+05 1.310381174088e+00
2.500400781250e+05 1.308669447899e+00
2.500398281250e+05 1.305745601654e+00
2.500395937500e+05 1.306004643440e+00
2.500393437500e+05 1.311767220497e+00
2.500391093750e+05 1.317426919937e+00
2.500388593750e+05 1.312625765800e+00
2.500386093750e+05 1.306704759598e+00
2.500383750000e+05 1.308335185051e+00
2.500381250000e+05 1.312741756439e+00
2.500378750000e+05 1.315405488014e+00
2.500376406250e+05 1.318432688713e+00
2.500373906250e+05 1.321598172188e+00
2.500371562500e+05 1.319414973259e+00
2.500369062500e+05 1.315292358398e+00
2.500366562500e+05 1.316711068153e+00
2.500364218750e+05 1.319745898247e+00
2.500361718750e+05 1.321131944656e+00
2.500359218750e+05 1.320632338524e+00
2.500356875000e+05 1.312679409981e+00
2.500354375000e+05 1.305420875549e+00
2.500352031250e+05 1.308137059212e+00
2.500349531250e+05 1.307341814041e+00
2.500347031250e+05 1.301677703857e+00
2.500344687500e+05 1.301449418068e+00
2.500342187500e+05 1.303393006325e+00
2.500339687500e+05 1.307763338089e+00
2.500337343750e+05 1.312023401260e+00
2.500334843750e+05 1.313228130341e+00
2.500332500000e+05 1.315928936005e+00
2.500330000000e+05 1.319632053375e+00
2.500327500000e+05 1.317378401756e+00
2.500325156250e+05 1.312488675117e+00
2.500322656250e+05 1.313640356064e+00
2.500320312500e+05 1.313786268234e+00
2.500317812500e+05 1.307291150093e+00
2.500315312500e+05 1.299314141273e+00
2.500312968750e+05 1.299901127815e+00
2.500310468750e+05 1.303446888924e+00
2.500307968750e+05 1.303859233856e+00
2.500305625000e+05 1.308741807938e+00
2.500303125000e+05 1.316537737846e+00
2.500300781250e+05 1.316394567490e+00
2.500298281250e+05 1.312097549438e+00
2.500295781250e+05 1.313333988190e+00
2.500293437500e+05 1.313530921936e+00
2.500290937500e+05 1.306705713272e+00
2.500288437500e+05 1.303528428078e+00
2.500286093750e+05 1.306671857834e+00
2.500283593750e+05 1.311534881592e+00
2.500281250000e+05 1.316051006317e+00
2.500278750000e+05 1.310182213783e+00
2.500276250000e+05 1.304568409920e+00
2.500273906250e+05 1.308794498444e+00
2.500271406250e+05 1.308174967766e+00
2.500268906250e+05 1.307058095932e+00
2.500266562500e+05 1.312533378601e+00
2.500264062500e+05 1.315509676933e+00
2.500261718750e+05 1.313264131546e+00
2.500259218750e+05 1.309907793999e+00
2.500256718750e+05 1.307155489922e+00
2.500254375000e+05 1.305230736732e+00
2.500251875000e+05 1.304971218109e+00
2.500249375000e+05 1.308042049408e+00
2.500247031250e+05 1.311275243759e+00
2.500244531250e+05 1.309251785278e+00
2.500242187500e+05 1.303190588951e+00
2.500239687500e+05 1.299028396606e+00
2.500237187500e+05 1.304904460907e+00
2.500234843750e+05 1.314628839493e+00
2.500232343750e+05 1.317999720573e+00
2.500229843750e+05 1.315584063530e+00
2.500227500000e+05 1.310220956802e+00
2.500225000000e+05 1.305505156517e+00
2.500222656250e+05 1.304425001144e+00
2.500220156250e+05 1.302840352058e+00
2.500217656250e+05 1.305249452591e+00
2.500215312500e+05 1.315458774567e+00
2.500212812500e+05 1.319436073303e+00
2.500210312500e+05 1.308356046677e+00
2.500207968750e+05 1.298869371414e+00
2.500205468750e+05 1.302667260170e+00
2.500203125000e+05 1.313066363335e+00
2.500200625000e+05 1.315988659859e+00
2.500198125000e+05 1.311673879623e+00
2.500195781250e+05 1.310137510300e+00
2.500193281250e+05 1.312921524048e+00
2.500190781250e+05 1.318372368813e+00
2.500188437500e+05 1.323524832726e+00
2.500185937500e+05 1.322623014450e+00
2.500183593750e+05 1.317815899849e+00
2.500181093750e+05 1.315734505653e+00
2.500178593750e+05 1.317861914635e+00
2.500176250000e+05 1.318364739418e+00
2.500173750000e+05 1.314658761024e+00
2.500171250000e+05 1.313275694847e+00
2.500168906250e+05 1.314815878868e+00
2.500166406250e+05 1.313539743423e+00
2.500164062500e+05 1.310748577118e+00
2.500161562500e+05 1.307815670967e+00
2.500159062500e+05 1.306676030159e+00
2.500156718750e+05 1.306169629097e+00
2.500154218750e+05 1.307870745659e+00
2.500151718750e+05 1.314222216606e+00
2.500149375000e+05 1.316086769104e+00
2.500146875000e+05 1.312669754028e+00
2.500144531250e+05 1.305521607399e+00
2.500142031250e+05 1.296132922173e+00
2.500139531250e+05 1.301636457443e+00
2.500137187500e+05 1.315938711166e+00
2.500134687500e+05 1.319609403610e+00
2.500132187500e+05 1.315459489822e+00
2.500129843750e+05 1.313037514687e+00
2.500127343750e+05 1.316114187241e+00
2.500125000000e+05 1.323248028755e+00
2.500122500000e+05 1.326002717018e+00
2.500120000000e+05 1.323452353477e+00
2.500117656250e+05 1.319705486298e+00
2.500115156250e+05 1.314357757568e+00
2.500112812500e+05 1.303468585014e+00
2.500110312500e+05 1.296523332596e+00
2.500107812500e+05 1.301110982895e+00
2.500105468750e+05 1.305545449257e+00
2.500102968750e+05 1.305693387985e+00
2.500100468750e+05 1.307371973991e+00
2.500098125000e+05 1.315573096275e+00
2.500095625000e+05 1.327059388161e+00
2.500093281250e+05 1.327356934547e+00
2.500090781250e+05 1.319285035133e+00
2.500088281250e+05 1.312308788300e+00
2.500085937500e+05 1.305237054825e+00
2.500083437500e+05 1.301359891891e+00
2.500080937500e+05 1.302678823471e+00
2.500078593750e+05 1.303230404854e+00
2.500076093750e+05 1.305767297745e+00
2.500073750000e+05 1.307857275009e+00
2.500071250000e+05 1.309435606003e+00
2.500068750000e+05 1.315052270889e+00
2.500066406250e+05 1.314733266830e+00
2.500063906250e+05 1.310557007790e+00
2.500061406250e+05 1.312386751175e+00
2.500059062500e+05 1.313424348831e+00
2.500056562500e+05 1.314834952354e+00
2.500054218750e+05 1.318911671638e+00
2.500051718750e+05 1.317076802254e+00
2.500049218750e+05 1.313902020454e+00
2.500046875000e+05 1.312463164330e+00
2.500044375000e+05 1.312139153481e+00
2.500041875000e+05 1.317772984505e+00
2.500039531250e+05 1.320549607277e+00
2.500037031250e+05 1.315365791321e+00
2.500034687500e+05 1.305735111237e+00
2.500032187500e+05 1.302698850632e+00
2.500029687500e+05 1.306393504143e+00
2.500027343750e+05 1.305234909058e+00
2.500024843750e+05 1.301001071930e+00
2.500022343750e+05 1.303572297096e+00
2.500020000000e+05 1.311460018158e+00
2.500017500000e+05 1.313482880592e+00
2.500015156250e+05 1.313542366028e+00
2.500012656250e+05 1.316242814064e+00
2.500010156250e+05 1.310532450676e+00
2.500007812500e+05 1.302630066872e+00
2.500005312500e+05 1.300536513329e+00
2.500002812500e+05 1.304120659828e+00
2.500000468750e+05 1.310997605324e+00
2.499997968750e+05 1.311439275742e+00
2.499995625000e+05 1.309138655663e+00
2.499993125000e+05 1.307732582092e+00
2.499990625000e+05 1.306025385857e+00
2.499988281250e+05 1.304111957550e+00
2.499985781250e+05 1.303518295288e+00
2.499983281250e+05 1.308656334877e+00
2.499980937500e+05 1.315403342247e+00
2.499978437500e+05 1.319669127464e+00
2.499976093750e+05 1.322152733803e+00
2.499973593750e+05 1.319063305855e+00
2.499971093750e+05 1.309145212173e+00
2.499968750000e+05 1.306775569916e+00
2.499966250000e+05 1.316520333290e+00
2.499963750000e+05 1.321621298790e+00
2.499961406250e+05 1.316567778587e+00
2.499958906250e+05 1.308634877205e+00
2.499956562500e+05 1.308731198311e+00
2.499954062500e+05 1.315387725830e+00
2.499951562500e+05 1.316814541817e+00
2.499949218750e+05 1.315283060074e+00
2.499946718750e+05 1.315926909447e+00
2.499944218750e+05 1.313077807426e+00
2.499941875000e+05 1.311195135117e+00
2.499939375000e+05 1.312420606613e+00
2.499937031250e+05 1.309553503990e+00
2.499934531250e+05 1.302646398544e+00
2.499932031250e+05 1.302308201790e+00
2.499929687500e+05 1.311178922653e+00
2.499927187500e+05 1.313328146935e+00
2.499924687500e+05 1.307159304619e+00
2.499922343750e+05 1.307752490044e+00
2.499919843750e+05 1.313451766968e+00
2.499917500000e+05 1.318543553352e+00
2.499915000000e+05 1.316562056541e+00
2.499912500000e+05 1.306885123253e+00
2.499910156250e+05 1.300518512726e+00
2.499907656250e+05 1.304881215096e+00
2.499905312500e+05 1.316214084625e+00
2.499902812500e+05 1.318461894989e+00
2.499900312500e+05 1.312924742699e+00
2.499897968750e+05 1.311006903648e+00
2.499895468750e+05 1.312637329102e+00
2.499892968750e+05 1.313683867455e+00
2.499890625000e+05 1.313973426819e+00
2.499888125000e+05 1.312928795815e+00
2.499885781250e+05 1.313177466393e+00
2.499883281250e+05 1.313005328178e+00
2.499880781250e+05 1.309426307678e+00
2.499878437500e+05 1.310267925262e+00
2.499875937500e+05 1.311235547066e+00
2.499873437500e+05 1.308858633041e+00
2.499871093750e+05 1.307525277138e+00
2.499868593750e+05 1.310416460037e+00
2.499866250000e+05 1.316707491875e+00
2.499863750000e+05 1.320436716080e+00
2.499861250000e+05 1.317779302597e+00
2.499858906250e+05 1.315097212791e+00
2.499856406250e+05 1.313067078590e+00
2.499853906250e+05 1.309269309044e+00
2.499851562500e+05 1.304173707962e+00
2.499849062500e+05 1.303673863411e+00
2.499846718750e+05 1.310100913048e+00
2.499844218750e+05 1.315166711807e+00
2.499841718750e+05 1.315943121910e+00
2.499839375000e+05 1.316846728325e+00
2.499836875000e+05 1.317149400711e+00
2.499834375000e+05 1.312120199203e+00
2.499832031250e+05 1.310303211212e+00
2.499829531250e+05 1.312608599663e+00
2.499827187500e+05 1.308414816856e+00
2.499824687500e+05 1.302527904510e+00
2.499822187500e+05 1.306574463844e+00
2.499819843750e+05 1.314918637276e+00
2.499817343750e+05 1.313167214394e+00
2.499814843750e+05 1.303777217865e+00
2.499812500000e+05 1.295963287354e+00
2.499810000000e+05 1.298262238503e+00
2.499807656250e+05 1.304962515831e+00
2.499805156250e+05 1.303778886795e+00
2.499802656250e+05 1.297780156136e+00
2.499800312500e+05 1.291593313217e+00
2.499797812500e+05 1.288559794426e+00
2.499795312500e+05 1.296348214149e+00
2.499792968750e+05 1.308043122292e+00
2.499790468750e+05 1.316055893898e+00
2.499788125000e+05 1.319882750511e+00
2.499785625000e+05 1.318111300468e+00
2.499783125000e+05 1.312229633331e+00
2.499780781250e+05 1.307325005531e+00
2.499778281250e+05 1.303938627243e+00
2.499775781250e+05 1.300756692886e+00
2.499773437500e+05 1.303993225098e+00
2.499770937500e+05 1.307534694672e+00
2.499768593750e+05 1.303928494453e+00
2.499766093750e+05 1.304529190063e+00
2.499763593750e+05 1.312660455704e+00
2.499761250000e+05 1.321162462234e+00
2.499758750000e+05 1.322546839714e+00
2.499756250000e+05 1.316909193993e+00
2.499753906250e+05 1.311625003815e+00
2.499751406250e+05 1.311513304710e+00
2.499749062500e+05 1.305150508881e+00
2.499746562500e+05 1.295287251472e+00
2.499744062500e+05 1.297709465027e+00
2.499741718750e+05 1.310849189758e+00
2.499739218750e+05 1.316581487656e+00
2.499736718750e+05 1.313276648521e+00
2.499734375000e+05 1.303660631180e+00
2.499731875000e+05 1.295331716537e+00
2.499729531250e+05 1.299218177795e+00
2.499727031250e+05 1.313208699226e+00
2.499724531250e+05 1.321628451347e+00
2.499722187500e+05 1.317825198174e+00
2.499719687500e+05 1.313793659210e+00
2.499717187500e+05 1.311299443245e+00
2.499714843750e+05 1.309154748917e+00
2.499712343750e+05 1.310618877411e+00
2.499710000000e+05 1.309982419014e+00
2.499707500000e+05 1.305640816689e+00
2.499705000000e+05 1.298123359680e+00
2.499702656250e+05 1.289075732231e+00
2.499700156250e+05 1.293610811234e+00
2.499697812500e+05 1.309009075165e+00
2.499695312500e+05 1.318462371826e+00
2.499692812500e+05 1.325277447701e+00
2.499690468750e+05 1.324022412300e+00
2.499687968750e+05 1.312158465385e+00
2.499685468750e+05 1.306635260582e+00
2.499683125000e+05 1.308302640915e+00
2.499680625000e+05 1.313011050224e+00
2.499678281250e+05 1.314086198807e+00
2.499675781250e+05 1.308968067169e+00
2.499673281250e+05 1.308283090591e+00
2.499670937500e+05 1.306303620338e+00
2.499668437500e+05 1.299937009811e+00
2.499665937500e+05 1.299410462379e+00
2.499663593750e+05 1.303288102150e+00
2.499661093750e+05 1.304970622063e+00
2.499658750000e+05 1.307431459427e+00
2.499656250000e+05 1.309391736984e+00
2.499653750000e+05 1.304677605629e+00
2.499651406250e+05 1.299071907997e+00
2.499648906250e+05 1.303273916245e+00
2.499646406250e+05 1.314464449883e+00
2.499644062500e+05 1.319505810738e+00
2.499641562500e+05 1.313871622086e+00
2.499639218750e+05 1.306972742081e+00
2.499636718750e+05 1.303466916084e+00
2.499634218750e+05 1.304783582687e+00
2.499631875000e+05 1.306208729744e+00
2.499629375000e+05 1.302261829376e+00
2.499626875000e+05 1.303019404411e+00
2.499624531250e+05 1.306190967560e+00
2.499622031250e+05 1.304008960724e+00
2.499619687500e+05 1.303584814072e+00
2.499617187500e+05 1.302477478981e+00
2.499614687500e+05 1.297040581703e+00
2.499612343750e+05 1.294952750206e+00
2.499609843750e+05 1.305124402046e+00
2.499607343750e+05 1.317625164986e+00
2.499605000000e+05 1.325236678123e+00
2.499602500000e+05 1.328396916389e+00
2.499600156250e+05 1.323810577393e+00
2.499597656250e+05 1.317341923714e+00
2.499595156250e+05 1.312810420990e+00
2.499592812500e+05 1.309890747070e+00
2.499590312500e+05 1.306238651276e+00
2.499587812500e+05 1.304344534874e+00
2.499585468750e+05 1.304828286171e+00
2.499582968750e+05 1.302749514580e+00
2.499580625000e+05 1.307149648666e+00
2.499578125000e+05 1.314484238625e+00
2.499575625000e+05 1.311468243599e+00
2.499573281250e+05 1.305660367012e+00
2.499570781250e+05 1.308639407158e+00
2.499568281250e+05 1.309057235718e+00
2.499565937500e+05 1.301326155663e+00
2.499563437500e+05 1.301287293434e+00
2.499561093750e+05 1.307975649834e+00
2.499558593750e+05 1.309255957603e+00
2.499556093750e+05 1.312373876572e+00
2.499553750000e+05 1.319763898849e+00
2.499551250000e+05 1.324881196022e+00
2.499548750000e+05 1.320752143860e+00
2.499546406250e+05 1.311421155930e+00
2.499543906250e+05 1.306566834450e+00
2.499541562500e+05 1.304895520210e+00
2.499539062500e+05 1.306171774864e+00
2.499536562500e+05 1.306128621101e+00
2.499534218750e+05 1.301989078522e+00
2.499531718750e+05 1.298499464989e+00
2.499529218750e+05 1.301912307739e+00
2.499526875000e+05 1.311861515045e+00
2.499524375000e+05 1.320831298828e+00
2.499522031250e+05 1.315980315208e+00
2.499519531250e+05 1.301787734032e+00
2.499517031250e+05 1.293034791946e+00
2.499514687500e+05 1.295466184616e+00
2.499512187500e+05 1.298781514168e+00
2.499509687500e+05 1.294193625450e+00
2.499507343750e+05 1.288738131523e+00
2.499504843750e+05 1.290710449219e+00
2.499502500000e+05 1.294470191002e+00
2.499500000000e+05 1.300212144852e+00
2.499497500000e+05 1.306568145752e+00
2.499495156250e+05 1.308915495872e+00
2.499492656250e+05 1.312979102135e+00
2.499490312500e+05 1.320429563522e+00
2.499487812500e+05 1.328522562981e+00
2.499485312500e+05 1.328134059906e+00
2.499482968750e+05 1.321689844131e+00
2.499480468750e+05 1.314866065979e+00
2.499477968750e+05 1.309887766838e+00
2.499475625000e+05 1.310088515282e+00
2.499473125000e+05 1.310562133789e+00
2.499470781250e+05 1.312314629555e+00
2.499468281250e+05 1.321638822556e+00
2.499465781250e+05 1.326835870743e+00
2.499463437500e+05 1.319743752480e+00
2.499460937500e+05 1.302035927773e+00
2.499458437500e+05 1.294221639633e+00
2.499456093750e+05 1.299414753914e+00
2.499453593750e+05 1.301935195923e+00
2.499451250000e+05 1.297332525253e+00
2.499448750000e+05 1.300095081329e+00
2.499446250000e+05 1.309994101524e+00
2.499443906250e+05 1.313704609871e+00
2.499441406250e+05 1.314887642860e+00
2.499438906250e+05 1.314517736435e+00
2.499436562500e+05 1.306151151657e+00
2.499434062500e+05 1.299313902855e+00
2.499431718750e+05 1.301824808121e+00
2.499429218750e+05 1.307279467583e+00
2.499426718750e+05 1.309612870216e+00
2.499424375000e+05 1.308020949364e+00
2.499421875000e+05 1.306811809540e+00
2.499419375000e+05 1.309079408646e+00
2.499417031250e+05 1.309765100479e+00
2.499414531250e+05 1.308609366417e+00
2.499412187500e+05 1.310446977615e+00
2.499409687500e+05 1.307817935944e+00
2.499407187500e+05 1.297418713570e+00
2.499404843750e+05 1.293185710907e+00
2.499402343750e+05 1.298606038094e+00
2.499399843750e+05 1.300483703613e+00
2.499397500000e+05 1.302679181099e+00
2.499395000000e+05 1.311133623123e+00
2.499392656250e+05 1.318806767464e+00
2.499390156250e+05 1.319813966751e+00
2.499387656250e+05 1.321169257164e+00
2.499385312500e+05 1.321582794189e+00
2.499382812500e+05 1.318651080132e+00
2.499380312500e+05 1.309942364693e+00
2.499377968750e+05 1.302547216415e+00
2.499375468750e+05 1.296081542969e+00
2.499373125000e+05 1.293087959290e+00
2.499370625000e+05 1.303308248520e+00
2.499368125000e+05 1.313860058784e+00
2.499365781250e+05 1.318506360054e+00
2.499363281250e+05 1.316497445107e+00
2.499360781250e+05 1.315886974335e+00
2.499358437500e+05 1.314048290253e+00
2.499355937500e+05 1.304828643799e+00
2.499353593750e+05 1.295581459999e+00
2.499351093750e+05 1.295964956284e+00
2.499348593750e+05 1.305958747864e+00
2.499346250000e+05 1.310333371162e+00
2.499343750000e+05 1.300937294960e+00
2.499341250000e+05 1.292575240135e+00
2.499338906250e+05 1.294964551926e+00
2.499336406250e+05 1.300355553627e+00
2.499334062500e+05 1.306349396706e+00
2.499331562500e+05 1.308904528618e+00
2.499329062500e+05 1.305844306946e+00
2.499326718750e+05 1.303835868835e+00
2.499324218750e+05 1.307615518570e+00
2.499321718750e+05 1.316322207451e+00
2.499319375000e+05 1.317109107971e+00
2.499316875000e+05 1.307446122169e+00
2.499314531250e+05 1.302251935005e+00
2.499312031250e+05 1.309257745743e+00
2.499309531250e+05 1.311588644981e+00
2.499307187500e+05 1.311461687088e+00
2.499304687500e+05 1.313930034637e+00
2.499302187500e+05 1.312504053116e+00
2.499299843750e+05 1.313319087029e+00
2.499297343750e+05 1.311350226402e+00
2.499295000000e+05 1.304697513580e+00
2.499292500000e+05 1.300833463669e+00
2.499290000000e+05 1.300755381584e+00
2.499287656250e+05 1.300919651985e+00
2.499285156250e+05 1.302354335785e+00
2.499282812500e+05 1.302791595459e+00
2.499280312500e+05 1.308110356331e+00
2.499277812500e+05 1.311797022820e+00
2.499275468750e+05 1.307810187340e+00
2.499272968750e+05 1.306951999664e+00
2.499270468750e+05 1.308128118515e+00
2.499268125000e+05 1.306911468506e+00
2.499265625000e+05 1.308985471725e+00
2.499263281250e+05 1.307967901230e+00
2.499260781250e+05 1.308623313904e+00
2.499258281250e+05 1.317036509514e+00
2.499255937500e+05 1.320959091187e+00
2.499253437500e+05 1.317694425583e+00
2.499250937500e+05 1.313238263130e+00
2.499248593750e+05 1.310600280762e+00
2.499246093750e+05 1.313900351524e+00
2.499243750000e+05 1.320606708527e+00
2.499241250000e+05 1.319131970406e+00
2.499238750000e+05 1.313668966293e+00
2.499236406250e+05 1.310530543327e+00
2.499233906250e+05 1.308099389076e+00
2.499231406250e+05 1.305407762527e+00
2.499229062500e+05 1.305544734001e+00
2.499226562500e+05 1.304860353470e+00
2.499224218750e+05 1.306929349899e+00
2.499221718750e+05 1.307168364525e+00
2.499219218750e+05 1.304440259933e+00
2.499216875000e+05 1.304223060608e+00
2.499214375000e+05 1.298971056938e+00
2.499211875000e+05 1.298471212387e+00
2.499209531250e+05 1.311842083931e+00
2.499207031250e+05 1.319176912308e+00
2.499204687500e+05 1.312019586563e+00
2.499202187500e+05 1.305844068527e+00
2.499199687500e+05 1.312435150146e+00
2.499197343750e+05 1.321955561638e+00
2.499194843750e+05 1.319067835808e+00
2.499192343750e+05 1.310000777245e+00
2.499190000000e+05 1.308421134949e+00
2.499187500000e+05 1.313962459564e+00
2.499185156250e+05 1.318548917770e+00
2.499182656250e+05 1.314310550690e+00
2.499180156250e+05 1.309650897980e+00
2.499177812500e+05 1.316863775253e+00
2.499175312500e+05 1.322898626328e+00
2.499172812500e+05 1.318045139313e+00
2.499170468750e+05 1.315250635147e+00
2.499167968750e+05 1.316261410713e+00
2.499165625000e+05 1.308801531792e+00
2.499163125000e+05 1.304986715317e+00
2.499160625000e+05 1.312358498573e+00
2.499158281250e+05 1.312771916389e+00
2.499155781250e+05 1.309571743011e+00
2.499153281250e+05 1.316687941551e+00
2.499150937500e+05 1.317414879799e+00
2.499148437500e+05 1.312210440636e+00
2.499146093750e+05 1.311740875244e+00
2.499143593750e+05 1.310403227806e+00
2.499141093750e+05 1.307110905647e+00
2.499138750000e+05 1.307885527611e+00
2.499136250000e+05 1.306017756462e+00
2.499133750000e+05 1.302127838135e+00
2.499131406250e+05 1.300464153290e+00
2.499128906250e+05 1.301758050919e+00
2.499126562500e+05 1.300768971443e+00
2.499124062500e+05 1.300024747849e+00
2.499121562500e+05 1.309591293335e+00
2.499119218750e+05 1.317323565483e+00
2.499116718750e+05 1.312565803528e+00
2.499114218750e+05 1.309501647949e+00
2.499111875000e+05 1.313735961914e+00
2.499109375000e+05 1.311650514603e+00
2.499107031250e+05 1.299072384834e+00
2.499104531250e+05 1.293994069099e+00
2.499102031250e+05 1.298811435699e+00
2.499099687500e+05 1.307850360870e+00
2.499097187500e+05 1.317065954208e+00
2.499094843750e+05 1.317744731903e+00
2.499092343750e+05 1.313563942909e+00
2.499089843750e+05 1.312968134880e+00
2.499087500000e+05 1.313887953758e+00
2.499085000000e+05 1.313427329063e+00
2.499082500000e+05 1.310428738594e+00
2.499080156250e+05 1.303785085678e+00
2.499077656250e+05 1.305202007294e+00
2.499075312500e+05 1.315907239914e+00
2.499072812500e+05 1.317068338394e+00
2.499070312500e+05 1.306998252869e+00
2.499067968750e+05 1.305292606354e+00
2.499065468750e+05 1.310858726501e+00
2.499062968750e+05 1.309697747231e+00
2.499060625000e+05 1.305372953415e+00
2.499058125000e+05 1.301893711090e+00
2.499055781250e+05 1.298808097839e+00
2.499053281250e+05 1.302484393120e+00
2.499050781250e+05 1.309513092041e+00
2.499048437500e+05 1.314952611923e+00
2.499045937500e+05 1.315884113312e+00
2.499043437500e+05 1.312026619911e+00
2.499041093750e+05 1.306514024734e+00
2.499038593750e+05 1.303296804428e+00
2.499036250000e+05 1.301303029060e+00
2.499033750000e+05 1.300375819206e+00
2.499031250000e+05 1.298821568489e+00
2.499028906250e+05 1.296881914139e+00
2.499026406250e+05 1.303215980530e+00
2.499023906250e+05 1.305175900459e+00
2.499021562500e+05 1.300739884377e+00
2.499019062500e+05 1.299076557159e+00
2.499016718750e+05 1.297780394554e+00
2.499014218750e+05 1.298489689827e+00
2.499011718750e+05 1.304062366486e+00
2.499009375000e+05 1.307352066040e+00
2.499006875000e+05 1.303215265274e+00
2.499004375000e+05 1.300774216652e+00
2.499002031250e+05 1.301327228546e+00
2.498999531250e+05 1.299834847450e+00
2.498997187500e+05 1.296916842461e+00
2.498994687500e+05 1.301705479622e+00
2.498992187500e+05 1.312290430069e+00
2.498989843750e+05 1.312914729118e+00
2.498987343750e+05 1.305540084839e+00
2.498984843750e+05 1.305670261383e+00
2.498982500000e+05 1.306297302246e+00
2.498980000000e+05 1.308385491371e+00
2.498977656250e+05 1.316247940063e+00
2.498975156250e+05 1.320672512054e+00
2.498972656250e+05 1.320195317268e+00
2.498970312500e+05 1.316682577133e+00
2.498967812500e+05 1.312308788300e+00
2.498965312500e+05 1.315841078758e+00
2.498962968750e+05 1.317207694054e+00
2.498960468750e+05 1.307533383369e+00
2.498958125000e+05 1.300554037094e+00
2.498955625000e+05 1.307353496552e+00
2.498953125000e+05 1.313392519951e+00
2.498950781250e+05 1.314757227898e+00
2.498948281250e+05 1.311727643013e+00
2.498945781250e+05 1.306508421898e+00
2.498943437500e+05 1.302690267563e+00
2.498940937500e+05 1.302541494370e+00
2.498938593750e+05 1.303668856621e+00
2.498936093750e+05 1.302376747131e+00
2.498933593750e+05 1.304253101349e+00
2.498931250000e+05 1.309883236885e+00
2.498928750000e+05 1.309770345688e+00
2.498926250000e+05 1.306796908379e+00
2.498923906250e+05 1.304769277573e+00
2.498921406250e+05 1.302899718285e+00
2.498919062500e+05 1.302842378616e+00
2.498916562500e+05 1.302205681801e+00
2.498914062500e+05 1.303308248520e+00
2.498911718750e+05 1.305720925331e+00
2.498909218750e+05 1.300408363342e+00
2.498906718750e+05 1.296411275864e+00
2.498904375000e+05 1.304965853691e+00
2.498901875000e+05 1.312575101852e+00
2.498899531250e+05 1.308454990387e+00
2.498897031250e+05 1.301721811295e+00
2.498894531250e+05 1.299949049950e+00
2.498892187500e+05 1.301768898964e+00
2.498889687500e+05 1.305297493935e+00
2.498887343750e+05 1.305138230324e+00
2.498884843750e+05 1.299206733704e+00
2.498882343750e+05 1.292096018791e+00
2.498880000000e+05 1.288803935051e+00
2.498877500000e+05 1.290474414825e+00
2.498875000000e+05 1.293243288994e+00
2.498872656250e+05 1.294691801071e+00
2.498870156250e+05 1.303136706352e+00
2.498867812500e+05 1.315660953522e+00
2.498865312500e+05 1.317153096199e+00
2.498862812500e+05 1.310750484467e+00
2.498860468750e+05 1.312516689301e+00
2.498857968750e+05 1.318827748299e+00
2.498855468750e+05 1.316347002983e+00
2.498853125000e+05 1.313969135284e+00
2.498850625000e+05 1.315052747726e+00
2.498848281250e+05 1.311890482903e+00
2.498845781250e+05 1.307039618492e+00
2.498843281250e+05 1.305542707443e+00
2.498840937500e+05 1.306043982506e+00
2.498838437500e+05 1.307932734489e+00
2.498835937500e+05 1.308743357658e+00
2.498833593750e+05 1.303907990456e+00
2.498831093750e+05 1.299138426781e+00
2.498828750000e+05 1.307588934898e+00
2.498826250000e+05 1.315679192543e+00
2.498823750000e+05 1.308233380318e+00
2.498821406250e+05 1.299844145775e+00
2.498818906250e+05 1.294793725014e+00
2.498816406250e+05 1.290620684624e+00
2.498814062500e+05 1.299398541451e+00
2.498811562500e+05 1.312546014786e+00
2.498809218750e+05 1.312958240509e+00
2.498806718750e+05 1.308997392654e+00
2.498804218750e+05 1.309192776680e+00
2.498801875000e+05 1.308011889458e+00
2.498799375000e+05 1.304956674576e+00
2.498796875000e+05 1.305138230324e+00
2.498794531250e+05 1.303107857704e+00
2.498792031250e+05 1.301013350487e+00
2.498789687500e+05 1.302240371704e+00
2.498787187500e+05 1.303433537483e+00
2.498784687500e+05 1.303744196892e+00
2.498782343750e+05 1.306749343872e+00
2.498779843750e+05 1.307984948158e+00
2.498777343750e+05 1.307205200195e+00
2.498775000000e+05 1.304571747780e+00
2.498772500000e+05 1.303411841393e+00
2.498770156250e+05 1.306017756462e+00
2.498767656250e+05 1.304965615273e+00
2.498765156250e+05 1.301437735558e+00
2.498762812500e+05 1.303467273712e+00
2.498760312500e+05 1.303411483765e+00
2.498757812500e+05 1.301085472107e+00
2.498755468750e+05 1.305373072624e+00
2.498752968750e+05 1.312283039093e+00
2.498750625000e+05 1.313479900360e+00
2.498748125000e+05 1.309590339661e+00
2.498745625000e+05 1.305181026459e+00
2.498743281250e+05 1.300616383553e+00
2.498740781250e+05 1.298238396645e+00
2.498738281250e+05 1.301598906517e+00
2.498735937500e+05 1.305576801300e+00
2.498733437500e+05 1.309705734253e+00
2.498731093750e+05 1.312739610672e+00
2.498728593750e+05 1.314158439636e+00
2.498726093750e+05 1.317525625229e+00
2.498723750000e+05 1.318662762642e+00
2.498721250000e+05 1.316834688187e+00
2.498718750000e+05 1.314507961273e+00
2.498716406250e+05 1.310039758682e+00
2.498713906250e+05 1.304777026176e+00
2.498711562500e+05 1.303550124168e+00
2.498709062500e+05 1.307898998260e+00
2.498706562500e+05 1.313108563423e+00
2.498704218750e+05 1.312354803085e+00
2.498701718750e+05 1.309791922569e+00
2.498699218750e+05 1.308957338333e+00
2.498696875000e+05 1.309600591660e+00
2.498694375000e+05 1.308966517448e+00
2.498692031250e+05 1.303110957146e+00
2.498689531250e+05 1.300364017487e+00
2.498687031250e+05 1.304761052132e+00
2.498684687500e+05 1.312762737274e+00
2.498682187500e+05 1.317251324654e+00
2.498679843750e+05 1.315694212914e+00
2.498677343750e+05 1.311942219734e+00
2.498674843750e+05 1.306706905365e+00
2.498672500000e+05 1.298688650131e+00
2.498670000000e+05 1.295837879181e+00
2.498667500000e+05 1.300120592117e+00
2.498665156250e+05 1.307731747627e+00
2.498662656250e+05 1.311540603638e+00
2.498660312500e+05 1.311594247818e+00
2.498657812500e+05 1.311296463013e+00
2.498655312500e+05 1.309707641602e+00
2.498652968750e+05 1.308377504349e+00
2.498650468750e+05 1.311861634254e+00
2.498647968750e+05 1.314665079117e+00
2.498645625000e+05 1.312950372696e+00
2.498643125000e+05 1.304225325584e+00
2.498640781250e+05 1.295100927353e+00
2.498638281250e+05 1.299755215645e+00
2.498635781250e+05 1.310256719589e+00
2.498633437500e+05 1.314754843712e+00
2.498630937500e+05 1.318832039833e+00
2.498628437500e+05 1.320654869080e+00
2.498626093750e+05 1.312248110771e+00
2.498623593750e+05 1.310127139091e+00
2.498621250000e+05 1.318671226501e+00
2.498618750000e+05 1.323594808578e+00
2.498616250000e+05 1.320444226265e+00
2.498613906250e+05 1.312338829041e+00
2.498611406250e+05 1.302509069443e+00
2.498608906250e+05 1.297882318497e+00
2.498606562500e+05 1.300996899605e+00
2.498604062500e+05 1.307440161705e+00
2.498601718750e+05 1.308697462082e+00
2.498599218750e+05 1.309131383896e+00
2.498596718750e+05 1.308403849602e+00
2.498594375000e+05 1.305736184120e+00
2.498591875000e+05 1.307762145996e+00
2.498589375000e+05 1.312334895134e+00
2.498587031250e+05 1.310014843941e+00
2.498584531250e+05 1.307772040367e+00
2.498582187500e+05 1.313536763191e+00
2.498579687500e+05 1.316090226173e+00
2.498577187500e+05 1.311382055283e+00
2.498574843750e+05 1.304592847824e+00
2.498572343750e+05 1.300869107246e+00
2.498569843750e+05 1.302513360977e+00
2.498567500000e+05 1.305747747421e+00
2.498565000000e+05 1.303767085075e+00
2.498562656250e+05 1.300752997398e+00
2.498560156250e+05 1.299660801888e+00
2.498557656250e+05 1.300261259079e+00
2.498555312500e+05 1.304830670357e+00
2.498552812500e+05 1.304339408875e+00
2.498550312500e+05 1.299890518188e+00
2.498547968750e+05 1.301834464073e+00
2.498545468750e+05 1.308985114098e+00
2.498543125000e+05 1.314695715904e+00
2.498540625000e+05 1.317522883415e+00
2.498538125000e+05 1.316696524620e+00
2.498535781250e+05 1.312469363213e+00
2.498533281250e+05 1.306406378746e+00
2.498530781250e+05 1.300925612450e+00
2.498528437500e+05 1.302356481552e+00
2.498525937500e+05 1.308256030083e+00
2.498523593750e+05 1.308647274971e+00
2.498521093750e+05 1.303739428520e+00
2.498518593750e+05 1.302514076233e+00
2.498516250000e+05 1.308793663979e+00
2.498513750000e+05 1.315851569176e+00
2.498511250000e+05 1.313535809517e+00
2.498508906250e+05 1.306039690971e+00
2.498506406250e+05 1.304333567619e+00
2.498504062500e+05 1.305967211723e+00
2.498501562500e+05 1.302584886551e+00
2.498499062500e+05 1.300997376442e+00
2.498496718750e+05 1.302887558937e+00
2.498494218750e+05 1.304609894753e+00
2.498491718750e+05 1.306727170944e+00
2.498489375000e+05 1.307798624039e+00
2.498486875000e+05 1.310607910156e+00
2.498484531250e+05 1.311010479927e+00
2.498482031250e+05 1.307144284248e+00
2.498479531250e+05 1.304578185081e+00
2.498477187500e+05 1.303932070732e+00
2.498474687500e+05 1.301780700684e+00
2.498472343750e+05 1.305071949959e+00
2.498469843750e+05 1.309048533440e+00
2.498467343750e+05 1.304740548134e+00
2.498465000000e+05 1.301878690720e+00
2.498462500000e+05 1.300894379616e+00
2.498460000000e+05 1.299317717552e+00
2.498457656250e+05 1.301460385323e+00
2.498455156250e+05 1.307251453400e+00
2.498452812500e+05 1.315228104591e+00
2.498450312500e+05 1.317468881607e+00
2.498447812500e+05 1.312120199203e+00
2.498445468750e+05 1.309122085571e+00
2.498442968750e+05 1.305903553963e+00
2.498440468750e+05 1.301275134087e+00
2.498438125000e+05 1.302763700485e+00
2.498435625000e+05 1.305347919464e+00
2.498433281250e+05 1.301839709282e+00
2.498430781250e+05 1.299241185188e+00
2.498428281250e+05 1.302973628044e+00
2.498425937500e+05 1.308047890663e+00
2.498423437500e+05 1.312756419182e+00
2.498420937500e+05 1.313092827797e+00
2.498418593750e+05 1.309346079826e+00
2.498416093750e+05 1.304578304291e+00
2.498413750000e+05 1.307446956635e+00
2.498411250000e+05 1.308789730072e+00
2.498408750000e+05 1.302427411079e+00
2.498406406250e+05 1.300009131432e+00
2.498403906250e+05 1.304196357727e+00
2.498401406250e+05 1.308517217636e+00
2.498399062500e+05 1.313652753830e+00
2.498396562500e+05 1.315239787102e+00
2.498394218750e+05 1.311222314835e+00
2.498391718750e+05 1.300665855408e+00
2.498389218750e+05 1.289735317230e+00
2.498386875000e+05 1.290744304657e+00
2.498384375000e+05 1.300339579582e+00
2.498381875000e+05 1.310184955597e+00
2.498379531250e+05 1.313820600510e+00
2.498377031250e+05 1.307381391525e+00
2.498374687500e+05 1.297222375870e+00
2.498372187500e+05 1.297553777695e+00
2.498369687500e+05 1.301763772964e+00
2.498367343750e+05 1.304386258125e+00
2.498364843750e+05 1.309106826782e+00
2.498362343750e+05 1.309902906418e+00
2.498360000000e+05 1.307943344116e+00
2.498357500000e+05 1.305838704109e+00
2.498355156250e+05 1.305421829224e+00
2.498352656250e+05 1.304347634315e+00
2.498350156250e+05 1.301773667336e+00
2.498347812500e+05 1.304592967033e+00
2.498345312500e+05 1.311115026474e+00
2.498342812500e+05 1.307913422585e+00
2.498340468750e+05 1.303912878036e+00
2.498337968750e+05 1.305360674858e+00
2.498335625000e+05 1.300548553467e+00
2.498333125000e+05 1.294533967972e+00
2.498330625000e+05 1.297648310661e+00
2.498328281250e+05 1.300231695175e+00
2.498325781250e+05 1.296357989311e+00
2.498323281250e+05 1.295317530632e+00
2.498320937500e+05 1.300021290779e+00
2.498318437500e+05 1.301955461502e+00
2.498316093750e+05 1.297619938850e+00
2.498313593750e+05 1.292849302292e+00
2.498311093750e+05 1.294433116913e+00
2.498308750000e+05 1.303236126900e+00
2.498306250000e+05 1.310388922691e+00
2.498303750000e+05 1.309578299522e+00
2.498301406250e+05 1.308978796005e+00
2.498298906250e+05 1.310429334641e+00
2.498296562500e+05 1.310635447502e+00
2.498294062500e+05 1.317107915878e+00
2.498291562500e+05 1.325443744659e+00
2.498289218750e+05 1.324185848236e+00
2.498286718750e+05 1.321019291878e+00
2.498284218750e+05 1.322526335716e+00
2.498281875000e+05 1.317986249924e+00
2.498279375000e+05 1.302715659142e+00
2.498277031250e+05 1.292696952820e+00
2.498274531250e+05 1.295997858047e+00
2.498272031250e+05 1.301239371300e+00
2.498269687500e+05 1.301565289497e+00
2.498267187500e+05 1.305744647980e+00
2.498264843750e+05 1.310760259628e+00
2.498262343750e+05 1.312377095222e+00
2.498259843750e+05 1.316792845726e+00
2.498257500000e+05 1.322273015976e+00
2.498255000000e+05 1.321041703224e+00
2.498252500000e+05 1.311140775681e+00
2.498250156250e+05 1.305476784706e+00
2.498247656250e+05 1.307769656181e+00
2.498245312500e+05 1.308824181557e+00
2.498242812500e+05 1.309808254242e+00
2.498240312500e+05 1.311272978783e+00
2.498237968750e+05 1.310573101044e+00
2.498235468750e+05 1.311249136925e+00
2.498232968750e+05 1.310255050659e+00
2.498230625000e+05 1.304687500000e+00
2.498228125000e+05 1.304163455963e+00
2.498225781250e+05 1.305992960930e+00
2.498223281250e+05 1.306156873703e+00
2.498220781250e+05 1.308034300804e+00
2.498218437500e+05 1.305820584297e+00
2.498215937500e+05 1.301010727882e+00
2.498213437500e+05 1.306122899055e+00
2.498211093750e+05 1.314131140709e+00
2.498208593750e+05 1.315081954002e+00
2.498206250000e+05 1.308702707291e+00
2.498203750000e+05 1.302706003189e+00
2.498201250000e+05 1.304688572884e+00
2.498198906250e+05 1.304587841034e+00
2.498196406250e+05 1.297422528267e+00
2.498193906250e+05 1.294142246246e+00
2.498191562500e+05 1.293984174728e+00
2.498189062500e+05 1.297029614449e+00
2.498186718750e+05 1.299492120743e+00
2.498184218750e+05 1.295833706856e+00
2.498181718750e+05 1.296206712723e+00
2.498179375000e+05 1.301502466202e+00
2.498176875000e+05 1.306972146034e+00
2.498174375000e+05 1.303971648216e+00
2.498172031250e+05 1.297135233879e+00
2.498169531250e+05 1.303368568420e+00
2.498167187500e+05 1.310603260994e+00
2.498164687500e+05 1.308246731758e+00
2.498162187500e+05 1.305334568024e+00
2.498159843750e+05 1.306532740593e+00
2.498157343750e+05 1.309922456741e+00
2.498154843750e+05 1.311233639717e+00
2.498152500000e+05 1.308608055115e+00
2.498150000000e+05 1.307866096497e+00
2.498147656250e+05 1.311069607735e+00
2.498145156250e+05 1.311618924141e+00
2.498142656250e+05 1.313831329346e+00
2.498140312500e+05 1.316344738007e+00
2.498137812500e+05 1.311088204384e+00
2.498135312500e+05 1.302251696587e+00
2.498132968750e+05 1.304216265678e+00
2.498130468750e+05 1.315310478210e+00
2.498128125000e+05 1.316144108772e+00
2.498125625000e+05 1.303836464882e+00
2.498123125000e+05 1.297330617905e+00
2.498120781250e+05 1.296270251274e+00
2.498118281250e+05 1.291450023651e+00
2.498115781250e+05 1.293382763863e+00
2.498113437500e+05 1.298013210297e+00
2.498110937500e+05 1.297394871712e+00
2.498108593750e+05 1.302857160568e+00
2.498106093750e+05 1.311405301094e+00
2.498103593750e+05 1.309644937515e+00
2.498101250000e+05 1.302506446838e+00
2.498098750000e+05 1.303396105766e+00
2.498096250000e+05 1.310845255852e+00
2.498093906250e+05 1.310307860374e+00
2.498091406250e+05 1.302583932877e+00
2.498089062500e+05 1.298245549202e+00
2.498086562500e+05 1.300929903984e+00
2.498084062500e+05 1.310371518135e+00
2.498081718750e+05 1.315204977989e+00
2.498079218750e+05 1.307977199554e+00
2.498076718750e+05 1.303469896317e+00
2.498074375000e+05 1.308745265007e+00
2.498071875000e+05 1.313039422035e+00
2.498069531250e+05 1.311520099640e+00
2.498067031250e+05 1.310578942299e+00
2.498064531250e+05 1.314061403275e+00
2.498062187500e+05 1.308951735497e+00
2.498059687500e+05 1.296822667122e+00
2.498057343750e+05 1.299936771393e+00
2.498054843750e+05 1.313074588776e+00
2.498052343750e+05 1.317435264587e+00
2.498050000000e+05 1.312896728516e+00
2.498047500000e+05 1.308548331261e+00
2.498045000000e+05 1.306159377098e+00
2.498042656250e+05 1.300994634628e+00
2.498040156250e+05 1.301318883896e+00
2.498037812500e+05 1.310506939888e+00
2.498035312500e+05 1.316140413284e+00
2.498032812500e+05 1.317489981651e+00
2.498030468750e+05 1.317136645317e+00
2.498027968750e+05 1.312512278557e+00
2.498025468750e+05 1.308656215668e+00
2.498023125000e+05 1.309244513512e+00
2.498020625000e+05 1.309827804565e+00
2.498018281250e+05 1.310458540916e+00
2.498015781250e+05 1.307175755501e+00
2.498013281250e+05 1.305199861526e+00
2.498010937500e+05 1.309787034988e+00
2.498008437500e+05 1.315836071968e+00
2.498005937500e+05 1.317791819572e+00
2.498003593750e+05 1.313911437988e+00
2.498001093750e+05 1.308071136475e+00
2.497998750000e+05 1.303095817566e+00
2.497996250000e+05 1.300822615623e+00
2.497993750000e+05 1.300106525421e+00
2.497991406250e+05 1.303780555725e+00
2.497988906250e+05 1.308140039444e+00
2.497986406250e+05 1.308078885078e+00
2.497984062500e+05 1.302135229111e+00
2.497981562500e+05 1.295287489891e+00
2.497979218750e+05 1.292373776436e+00
2.497976718750e+05 1.294963240623e+00
2.497974218750e+05 1.299694299698e+00
2.497971875000e+05 1.300146222115e+00
2.497969375000e+05 1.293062210083e+00
2.497966875000e+05 1.293131589890e+00
2.497964531250e+05 1.295493721962e+00
2.497962031250e+05 1.292433977127e+00
2.497959687500e+05 1.295039415359e+00
2.497957187500e+05 1.303483843803e+00
2.497954687500e+05 1.308440327644e+00
2.497952343750e+05 1.307213187218e+00
2.497949843750e+05 1.299835681915e+00
2.497947343750e+05 1.297792315483e+00
2.497945000000e+05 1.303194403648e+00
2.497942500000e+05 1.301777362823e+00
2.497940156250e+05 1.298273563385e+00
2.497937656250e+05 1.301711320877e+00
2.497935156250e+05 1.310949087143e+00
2.497932812500e+05 1.320421457291e+00
2.497930312500e+05 1.324226498604e+00
2.497927812500e+05 1.322376966476e+00
2.497925468750e+05 1.310744881630e+00
2.497922968750e+05 1.296586871147e+00
2.497920625000e+05 1.291445493698e+00
2.497918125000e+05 1.294957041740e+00
2.497915625000e+05 1.303162693977e+00
2.497913281250e+05 1.305386066437e+00
2.497910781250e+05 1.303186655045e+00
2.497908281250e+05 1.300711750984e+00
2.497905937500e+05 1.297909617424e+00
2.497903437500e+05 1.304431676865e+00
2.497901093750e+05 1.310291409492e+00
2.497898593750e+05 1.305848479271e+00
2.497896093750e+05 1.303577184677e+00
2.497893750000e+05 1.303762793541e+00
2.497891250000e+05 1.300848722458e+00
2.497888750000e+05 1.296640038490e+00
2.497886406250e+05 1.294330477715e+00
2.497883906250e+05 1.303728699684e+00
2.497881562500e+05 1.315344810486e+00
2.497879062500e+05 1.313717484474e+00
2.497876562500e+05 1.308863520622e+00
2.497874218750e+05 1.306037187576e+00
2.497871718750e+05 1.307182431221e+00
2.497869218750e+05 1.314776062965e+00
2.497866875000e+05 1.323655962944e+00
2.497864375000e+05 1.324858307838e+00
2.497862031250e+05 1.312774777412e+00
2.497859531250e+05 1.304166078568e+00
2.497857031250e+05 1.305897831917e+00
2.497854687500e+05 1.309592008591e+00
2.497852187500e+05 1.306915044785e+00
2.497849843750e+05 1.303506731987e+00
2.497847343750e+05 1.308630347252e+00
2.497844843750e+05 1.313177108765e+00
2.497842500000e+05 1.304928898811e+00
2.497840000000e+05 1.298878908157e+00
2.497837500000e+05 1.306456685066e+00
2.497835156250e+05 1.317539811134e+00
2.497832656250e+05 1.314410209656e+00
2.497830312500e+05 1.299511551857e+00
2.497827812500e+05 1.295977950096e+00
2.497825312500e+05 1.305818438530e+00
2.497822968750e+05 1.309660673141e+00
2.497820468750e+05 1.303346514702e+00
2.497817968750e+05 1.300385594368e+00
2.497815625000e+05 1.298522233963e+00
2.497813125000e+05 1.294934034348e+00
2.497810781250e+05 1.297005891800e+00
2.497808281250e+05 1.310526251793e+00
2.497805781250e+05 1.329864978790e+00
2.497803437500e+05 1.334758639336e+00
2.497800937500e+05 1.322849154472e+00
2.497798437500e+05 1.320476412773e+00
2.497796093750e+05 1.325116634369e+00
2.497793593750e+05 1.322566747665e+00
2.497791250000e+05 1.324763536453e+00
2.497788750000e+05 1.330382704735e+00
2.497786250000e+05 1.332756400108e+00
2.497783906250e+05 1.334983468056e+00
2.497781406250e+05 1.337630629539e+00
2.497778906250e+05 1.335333824158e+00
2.497776562500e+05 1.328078389168e+00
2.497774062500e+05 1.326505780220e+00
2.497771718750e+05 1.328660488129e+00
2.497769218750e+05 1.329627752304e+00
2.497766718750e+05 1.326499342918e+00
2.497764375000e+05 1.323052883148e+00
2.497761875000e+05 1.320680975914e+00
2.497759375000e+05 1.314384460449e+00
2.497757031250e+05 1.308429479599e+00
2.497754531250e+05 1.304329156876e+00
2.497752187500e+05 1.298255801201e+00
2.497749687500e+05 1.301388502121e+00
2.497747187500e+05 1.313229084015e+00
2.497744843750e+05 1.318658471107e+00
2.497742343750e+05 1.318962693214e+00
2.497739843750e+05 1.323845028877e+00
2.497737500000e+05 1.330747961998e+00
2.497735000000e+05 1.340575098991e+00
2.497732656250e+05 1.340314507484e+00
2.497730156250e+05 1.328879714012e+00
2.497727656250e+05 1.323435902596e+00
2.497725312500e+05 1.319228768349e+00
2.497722812500e+05 1.314486026764e+00
2.497720312500e+05 1.312157750130e+00
2.497717968750e+05 1.305368065834e+00
2.497715468750e+05 1.302307009697e+00
2.497713125000e+05 1.308842778206e+00
2.497710625000e+05 1.314051747322e+00
2.497708125000e+05 1.316520571709e+00
2.497705781250e+05 1.320401549339e+00
2.497703281250e+05 1.320029854774e+00
2.497700781250e+05 1.314189434052e+00
2.497698437500e+05 1.310494780540e+00
2.497695937500e+05 1.311463236809e+00
2.497693593750e+05 1.311726450920e+00
2.497691093750e+05 1.312010169029e+00
2.497688593750e+05 1.312074422836e+00
2.497686250000e+05 1.313947558403e+00
2.497683750000e+05 1.311251401901e+00
2.497681250000e+05 1.298803448677e+00
2.497678906250e+05 1.291349172592e+00
2.497676406250e+05 1.297200202942e+00
2.497674062500e+05 1.306387782097e+00
2.497671562500e+05 1.311086654663e+00
2.497669062500e+05 1.317960023880e+00
2.497666718750e+05 1.327145814896e+00
2.497664218750e+05 1.328450679779e+00
2.497661718750e+05 1.325363755226e+00
2.497659375000e+05 1.316554665565e+00
2.497656875000e+05 1.307256340981e+00
2.497654531250e+05 1.308271646500e+00
2.497652031250e+05 1.322222471237e+00
2.497649531250e+05 1.330379009247e+00
2.497647187500e+05 1.322178244591e+00
2.497644687500e+05 1.315942525864e+00
2.497642343750e+05 1.316220641136e+00
2.497639843750e+05 1.315755486488e+00
2.497637343750e+05 1.305055260658e+00
2.497635000000e+05 1.298957228661e+00
2.497632500000e+05 1.309088110924e+00
2.497630000000e+05 1.323559403419e+00
2.497627656250e+05 1.331770300865e+00
2.497625156250e+05 1.329388499260e+00
2.497622812500e+05 1.318618774414e+00
2.497620312500e+05 1.313172936440e+00
2.497617812500e+05 1.317999958992e+00
2.497615468750e+05 1.319188237190e+00
2.497612968750e+05 1.312527179718e+00
2.497610468750e+05 1.313530921936e+00
2.497608125000e+05 1.311349630356e+00
2.497605625000e+05 1.312986493111e+00
2.497603281250e+05 1.325129628181e+00
2.497600781250e+05 1.336352825165e+00
2.497598281250e+05 1.326156377792e+00
2.497595937500e+05 1.317369699478e+00
2.497593437500e+05 1.325451970100e+00
2.497590937500e+05 1.331203579903e+00
2.497588593750e+05 1.331079959869e+00
2.497586093750e+05 1.322692275047e+00
2.497583750000e+05 1.310179352760e+00
2.497581250000e+05 1.304634928703e+00
2.497578750000e+05 1.306771516800e+00
2.497576406250e+05 1.314532637596e+00
2.497573906250e+05 1.317304372787e+00
2.497571406250e+05 1.311267495155e+00
2.497569062500e+05 1.304136872292e+00
2.497566562500e+05 1.301823616028e+00
2.497564218750e+05 1.300732493401e+00
2.497561718750e+05 1.302757978439e+00
2.497559218750e+05 1.321195721626e+00
2.497556875000e+05 1.329878211021e+00
2.497554375000e+05 1.316546082497e+00
2.497551875000e+05 1.309698700905e+00
2.497549531250e+05 1.309328317642e+00
2.497547031250e+05 1.304563641548e+00
2.497544687500e+05 1.303999662399e+00
2.497542187500e+05 1.305384635925e+00
2.497539687500e+05 1.302837610245e+00
2.497537343750e+05 1.303554892540e+00
2.497534843750e+05 1.306292772293e+00
2.497532343750e+05 1.305886268616e+00
2.497530000000e+05 1.307618618011e+00
2.497527500000e+05 1.317511320114e+00
2.497525156250e+05 1.318966150284e+00
2.497522656250e+05 1.307099699974e+00
2.497520156250e+05 1.304418802261e+00
2.497517812500e+05 1.311495542526e+00
2.497515312500e+05 1.315019488335e+00
2.497512812500e+05 1.313350558281e+00
2.497510468750e+05 1.307762026787e+00
2.497507968750e+05 1.305359482765e+00
2.497505625000e+05 1.315743327141e+00
2.497503125000e+05 1.324808597565e+00
2.497500625000e+05 1.322586178780e+00
2.497498281250e+05 1.314944863319e+00
2.497495781250e+05 1.311520934105e+00
2.497493281250e+05 1.312014102936e+00
2.497490937500e+05 1.305897831917e+00
2.497488437500e+05 1.305057406425e+00
2.497486093750e+05 1.306580901146e+00
2.497483593750e+05 1.304219961166e+00
2.497481093750e+05 1.307574391365e+00
2.497478750000e+05 1.312204122543e+00
2.497476250000e+05 1.312918901443e+00
2.497473750000e+05 1.313771843910e+00
2.497471406250e+05 1.307477593422e+00
2.497468906250e+05 1.302420735359e+00
2.497466562500e+05 1.310786724091e+00
2.497464062500e+05 1.311603784561e+00
2.497461562500e+05 1.299655318260e+00
2.497459218750e+05 1.294100046158e+00
2.497456718750e+05 1.292386412621e+00
2.497454218750e+05 1.292627692223e+00
2.497451875000e+05 1.305986404419e+00
2.497449375000e+05 1.318954586983e+00
2.497447031250e+05 1.316972613335e+00
2.497444531250e+05 1.313542485237e+00
2.497442031250e+05 1.312802076340e+00
2.497439687500e+05 1.309731483459e+00
2.497437187500e+05 1.306498408318e+00
2.497434843750e+05 1.302839994431e+00
2.497432343750e+05 1.298769950867e+00
2.497429843750e+05 1.297065138817e+00
2.497427500000e+05 1.302077054977e+00
2.497425000000e+05 1.304720878601e+00
2.497422500000e+05 1.298759222031e+00
2.497420156250e+05 1.293968677521e+00
2.497417656250e+05 1.300407528877e+00
2.497415312500e+05 1.310378670692e+00
2.497412812500e+05 1.314036965370e+00
2.497410312500e+05 1.313411712646e+00
2.497407968750e+05 1.311217784882e+00
2.497405468750e+05 1.311348199844e+00
2.497402968750e+05 1.313539862633e+00
2.497400625000e+05 1.312401056290e+00
2.497398125000e+05 1.308431506157e+00
2.497395781250e+05 1.308414697647e+00
2.497393281250e+05 1.310834527016e+00
2.497390781250e+05 1.314153075218e+00
2.497388437500e+05 1.321753621101e+00
2.497385937500e+05 1.326672077179e+00
2.497383437500e+05 1.322660803795e+00
2.497381093750e+05 1.315559506416e+00
2.497378593750e+05 1.312144637108e+00
2.497376250000e+05 1.309847831726e+00
2.497373750000e+05 1.312498688698e+00
2.497371250000e+05 1.320715785027e+00
2.497368906250e+05 1.322856664658e+00
2.497366406250e+05 1.321640968323e+00
2.497363906250e+05 1.324887871742e+00
2.497361562500e+05 1.332509279251e+00
2.497359062500e+05 1.343640208244e+00
2.497356718750e+05 1.352644205093e+00
2.497354218750e+05 1.348100423813e+00
2.497351718750e+05 1.334607124329e+00
2.497349375000e+05 1.324849009514e+00
2.497346875000e+05 1.320893049240e+00
2.497344375000e+05 1.316817164421e+00
2.497342031250e+05 1.312483668327e+00
2.497339531250e+05 1.309280276299e+00
2.497337187500e+05 1.311079263687e+00
2.497334687500e+05 1.316102743149e+00
2.497332187500e+05 1.317312479019e+00
2.497329843750e+05 1.314549565315e+00
2.497327343750e+05 1.317206740379e+00
2.497324843750e+05 1.319894671440e+00
2.497322500000e+05 1.314239740372e+00
2.497320000000e+05 1.306748270988e+00
2.497317656250e+05 1.302850246429e+00
2.497315156250e+05 1.304041981697e+00
2.497312656250e+05 1.306228041649e+00
2.497310312500e+05 1.305937886238e+00
2.497307812500e+05 1.306366682053e+00
2.497305312500e+05 1.308602571487e+00
2.497302968750e+05 1.312499523163e+00
2.497300468750e+05 1.311131119728e+00
2.497298125000e+05 1.312774419785e+00
2.497295625000e+05 1.312665104866e+00
2.497293125000e+05 1.306037783623e+00
2.497290781250e+05 1.305976986885e+00
2.497288281250e+05 1.308318853378e+00
2.497285781250e+05 1.308269143105e+00
2.497283437500e+05 1.309228897095e+00
2.497280937500e+05 1.313778400421e+00
2.497278593750e+05 1.319690704346e+00
2.497276093750e+05 1.314421415329e+00
2.497273593750e+05 1.310223221779e+00
2.497271250000e+05 1.318467140198e+00
2.497268750000e+05 1.320290088654e+00
2.497266250000e+05 1.313656687737e+00
2.497263906250e+05 1.314131140709e+00
2.497261406250e+05 1.319933772087e+00
2.497259062500e+05 1.321570396423e+00
2.497256562500e+05 1.317460179329e+00
2.497254062500e+05 1.313934326172e+00
2.497251718750e+05 1.311712026596e+00
2.497249218750e+05 1.308594346046e+00
2.497246718750e+05 1.310608029366e+00
2.497244375000e+05 1.316174745560e+00
2.497241875000e+05 1.312815070152e+00
2.497239531250e+05 1.304254055023e+00
2.497237031250e+05 1.300499081612e+00
2.497234531250e+05 1.304158210754e+00
2.497232187500e+05 1.307318568230e+00
2.497229687500e+05 1.304233789444e+00
2.497227343750e+05 1.300517439842e+00
2.497224843750e+05 1.299420595169e+00
2.497222343750e+05 1.299947381020e+00
2.497220000000e+05 1.303165912628e+00
2.497217500000e+05 1.304479718208e+00
2.497215000000e+05 1.303861856461e+00
2.497212656250e+05 1.303877949715e+00
2.497210156250e+05 1.304505705833e+00
2.497207812500e+05 1.307384967804e+00
2.497205312500e+05 1.309766292572e+00
2.497202812500e+05 1.310892343521e+00
2.497200468750e+05 1.309668302536e+00
2.497197968750e+05 1.306833624840e+00
2.497195468750e+05 1.311926960945e+00
2.497193125000e+05 1.318690776825e+00
2.497190625000e+05 1.316614747047e+00
2.497188281250e+05 1.313407421112e+00
2.497185781250e+05 1.311887741089e+00
2.497183281250e+05 1.314719557762e+00
2.497180937500e+05 1.312768936157e+00
2.497178437500e+05 1.300505995750e+00
2.497175937500e+05 1.298460483551e+00
2.497173593750e+05 1.307421803474e+00
2.497171093750e+05 1.310043215752e+00
2.497168750000e+05 1.302518486977e+00
2.497166250000e+05 1.299780249596e+00
2.497163750000e+05 1.304925918579e+00
2.497161406250e+05 1.304792165756e+00
2.497158906250e+05 1.302665472031e+00
2.497156406250e+05 1.305661559105e+00
2.497154062500e+05 1.308006167412e+00
2.497151562500e+05 1.306307554245e+00
2.497149218750e+05 1.306157827377e+00
2.497146718750e+05 1.310649991035e+00
2.497144218750e+05 1.310805439949e+00
2.497141875000e+05 1.304269790649e+00
2.497139375000e+05 1.304722666740e+00
2.497136875000e+05 1.309751391411e+00
2.497134531250e+05 1.309773325920e+00
2.497132031250e+05 1.307736635208e+00
2.497129687500e+05 1.306132674217e+00
2.497127187500e+05 1.306961655617e+00
2.497124687500e+05 1.307102203369e+00
2.497122343750e+05 1.305492401123e+00
2.497119843750e+05 1.307230710983e+00
2.497117343750e+05 1.313237309456e+00
2.497115000000e+05 1.313891649246e+00
2.497112500000e+05 1.307487845421e+00
2.497110156250e+05 1.303578019142e+00
2.497107656250e+05 1.298314452171e+00
2.497105156250e+05 1.294463753700e+00
2.497102812500e+05 1.298877596855e+00
2.497100312500e+05 1.298723459244e+00
2.497097812500e+05 1.292754292488e+00
2.497095468750e+05 1.292147159576e+00
2.497092968750e+05 1.299296379089e+00
2.497090625000e+05 1.307302474976e+00
2.497088125000e+05 1.314245820045e+00
2.497085625000e+05 1.317455410957e+00
2.497083281250e+05 1.314860939980e+00
2.497080781250e+05 1.315595149994e+00
2.497078281250e+05 1.317088246346e+00
2.497075937500e+05 1.305552840233e+00
2.497073437500e+05 1.295704245567e+00
2.497071093750e+05 1.298858284950e+00
2.497068593750e+05 1.300853610039e+00
2.497066093750e+05 1.301513671875e+00
2.497063750000e+05 1.306044340134e+00
2.497061250000e+05 1.310750126839e+00
2.497058750000e+05 1.316990852356e+00
2.497056406250e+05 1.325380682945e+00
2.497053906250e+05 1.330386519432e+00
2.497051562500e+05 1.328295111656e+00
2.497049062500e+05 1.317727327347e+00
2.497046562500e+05 1.307451725006e+00
2.497044218750e+05 1.307829380035e+00
2.497041718750e+05 1.315086245537e+00
2.497039218750e+05 1.318515062332e+00
2.497036875000e+05 1.319307565689e+00
2.497034375000e+05 1.318128466606e+00
2.497032031250e+05 1.317040205002e+00
2.497029531250e+05 1.319720149040e+00
2.497027031250e+05 1.322541356087e+00
2.497024687500e+05 1.328105211258e+00
2.497022187500e+05 1.325020313263e+00
2.497019843750e+05 1.316930890083e+00
2.497017343750e+05 1.315077424049e+00
2.497014843750e+05 1.313384413719e+00
2.497012500000e+05 1.307153820992e+00
2.497010000000e+05 1.304149270058e+00
2.497007500000e+05 1.304958939552e+00
2.497005156250e+05 1.307583093643e+00
2.497002656250e+05 1.309407353401e+00
2.497000312500e+05 1.308779478073e+00
2.496997812500e+05 1.308701992035e+00
2.496995312500e+05 1.310377836227e+00
2.496992968750e+05 1.308425903320e+00
2.496990468750e+05 1.306760191917e+00
2.496987968750e+05 1.308597207069e+00
2.496985625000e+05 1.312927603722e+00
2.496983125000e+05 1.313198566437e+00
2.496980781250e+05 1.303597688675e+00
2.496978281250e+05 1.296824455261e+00
2.496975781250e+05 1.300764441490e+00
2.496973437500e+05 1.311300039291e+00
2.496970937500e+05 1.315468311310e+00
2.496968437500e+05 1.308708667755e+00
2.496966093750e+05 1.307275891304e+00
2.496963593750e+05 1.313881516457e+00
2.496961250000e+05 1.315019488335e+00
2.496958750000e+05 1.306622028351e+00
2.496956250000e+05 1.302740335464e+00
2.496953906250e+05 1.308387637138e+00
2.496951406250e+05 1.316944241524e+00
2.496948906250e+05 1.321458101273e+00
2.496946562500e+05 1.322176337242e+00
2.496944062500e+05 1.312115669250e+00
2.496941718750e+05 1.298644304276e+00
2.496939218750e+05 1.299795746803e+00
2.496936718750e+05 1.306124567986e+00
2.496934375000e+05 1.313057065010e+00
2.496931875000e+05 1.319638848305e+00
2.496929375000e+05 1.318452596664e+00
2.496927031250e+05 1.310154199600e+00
2.496924531250e+05 1.306247353554e+00
2.496922187500e+05 1.306253433228e+00
2.496919687500e+05 1.305042505264e+00
2.496917187500e+05 1.305132269859e+00
2.496914843750e+05 1.306980729103e+00
2.496912343750e+05 1.305552363396e+00
2.496909843750e+05 1.304897189140e+00
2.496907500000e+05 1.309547424316e+00
2.496905000000e+05 1.310467123985e+00
2.496902656250e+05 1.302641510963e+00
2.496900156250e+05 1.294546961784e+00
2.496897656250e+05 1.294353604317e+00
2.496895312500e+05 1.304444551468e+00
2.496892812500e+05 1.316849827766e+00
2.496890312500e+05 1.316999912262e+00
2.496887968750e+05 1.308679103851e+00
2.496885468750e+05 1.302817463875e+00
2.496883125000e+05 1.298241019249e+00
2.496880625000e+05 1.294021487236e+00
2.496878125000e+05 1.294105648994e+00
2.496875781250e+05 1.300373673439e+00
2.496873281250e+05 1.304545283318e+00
2.496870781250e+05 1.307010293007e+00
2.496868437500e+05 1.314527750015e+00
2.496865937500e+05 1.316723585129e+00
2.496863593750e+05 1.309674739838e+00
2.496861093750e+05 1.309838175774e+00
2.496858593750e+05 1.314309000969e+00
2.496856250000e+05 1.309192895889e+00
2.496853750000e+05 1.301620244980e+00
2.496851250000e+05 1.299872636795e+00
2.496848906250e+05 1.298153162003e+00
2.496846406250e+05 1.297990560532e+00
2.496844062500e+05 1.296649694443e+00
2.496841562500e+05 1.293106675148e+00
2.496839062500e+05 1.295225381851e+00
2.496836718750e+05 1.299942016602e+00
2.496834218750e+05 1.306715011597e+00
2.496831718750e+05 1.312254309654e+00
2.496829375000e+05 1.313148498535e+00
2.496826875000e+05 1.310383439064e+00
2.496824531250e+05 1.307874202728e+00
2.496822031250e+05 1.307212471962e+00
2.496819531250e+05 1.305948734283e+00
2.496817187500e+05 1.304801702499e+00
2.496814687500e+05 1.304559230804e+00
2.496812343750e+05 1.305130481720e+00
2.496809843750e+05 1.305776476860e+00
2.496807343750e+05 1.301940202713e+00
2.496805000000e+05 1.301452875137e+00
2.496802500000e+05 1.305436611176e+00
2.496800000000e+05 1.303679585457e+00
2.496797656250e+05 1.301091909409e+00
2.496795156250e+05 1.307620286942e+00
2.496792812500e+05 1.313386917114e+00
2.496790312500e+05 1.309977889061e+00
2.496787812500e+05 1.302556276321e+00
2.496785468750e+05 1.298677444458e+00
2.496782968750e+05 1.301138997078e+00
2.496780468750e+05 1.305855512619e+00
2.496778125000e+05 1.309627890587e+00
2.496775625000e+05 1.307191252708e+00
2.496773281250e+05 1.302385807037e+00
2.496770781250e+05 1.302089095116e+00
2.496768281250e+05 1.297515511513e+00
2.496765937500e+05 1.291829705238e+00
2.496763437500e+05 1.295252561569e+00
2.496760937500e+05 1.300374150276e+00
2.496758593750e+05 1.301599144936e+00
2.496756093750e+05 1.298448443413e+00
2.496753750000e+05 1.297043800354e+00
2.496751250000e+05 1.300497055054e+00
2.496748750000e+05 1.305189490318e+00
2.496746406250e+05 1.308158636093e+00
2.496743906250e+05 1.309004187584e+00
2.496741406250e+05 1.305937409401e+00
2.496739062500e+05 1.297830820084e+00
2.496736562500e+05 1.299486994743e+00
2.496734218750e+05 1.307526946068e+00
2.496731718750e+05 1.306653499603e+00
2.496729218750e+05 1.308038711548e+00
2.496726875000e+05 1.312806010246e+00
2.496724375000e+05 1.304421901703e+00
2.496721875000e+05 1.292643904686e+00
2.496719531250e+05 1.294318079948e+00
2.496717031250e+05 1.302558422089e+00
2.496714687500e+05 1.308089017868e+00
2.496712187500e+05 1.304254174232e+00
2.496709687500e+05 1.297529101372e+00
2.496707343750e+05 1.298175811768e+00
2.496704843750e+05 1.298942089081e+00
2.496702343750e+05 1.303606390953e+00
2.496700000000e+05 1.312502145767e+00
2.496697500000e+05 1.314623594284e+00
2.496695156250e+05 1.312944650650e+00
2.496692656250e+05 1.309772014618e+00
2.496690156250e+05 1.304552078247e+00
2.496687812500e+05 1.302559018135e+00
2.496685312500e+05 1.301917314529e+00
2.496682812500e+05 1.299156188965e+00
2.496680468750e+05 1.298186779022e+00
2.496677968750e+05 1.300290942192e+00
2.496675625000e+05 1.305001139641e+00
2.496673125000e+05 1.305908918381e+00
2.496670625000e+05 1.303815126419e+00
2.496668281250e+05 1.303495526314e+00
2.496665781250e+05 1.303147673607e+00
2.496663281250e+05 1.299504280090e+00
2.496660937500e+05 1.295250296593e+00
2.496658437500e+05 1.299016475677e+00
2.496656093750e+05 1.307886242867e+00
2.496653593750e+05 1.310737252235e+00
2.496651093750e+05 1.309672713280e+00
2.496648750000e+05 1.306624650955e+00
2.496646250000e+05 1.302580952644e+00
2.496643750000e+05 1.304828405380e+00
2.496641406250e+05 1.308965921402e+00
2.496638906250e+05 1.306349039078e+00
2.496636562500e+05 1.302347421646e+00
2.496634062500e+05 1.302230596542e+00
2.496631562500e+05 1.302417278290e+00
2.496629218750e+05 1.305648922920e+00
2.496626718750e+05 1.309490561485e+00
2.496624218750e+05 1.310685873032e+00
2.496621875000e+05 1.314965844154e+00
2.496619375000e+05 1.314391016960e+00
2.496617031250e+05 1.306369423866e+00
2.496614531250e+05 1.301407694817e+00
2.496612031250e+05 1.301256537437e+00
2.496609687500e+05 1.305549979210e+00
2.496607187500e+05 1.309896349907e+00
2.496604843750e+05 1.314170122147e+00
2.496602343750e+05 1.320027709007e+00
2.496599843750e+05 1.318631410599e+00
2.496597500000e+05 1.312847256660e+00
2.496595000000e+05 1.313249707222e+00
2.496592500000e+05 1.312620759010e+00
2.496590156250e+05 1.307680845261e+00
2.496587656250e+05 1.305876493454e+00
2.496585312500e+05 1.308889508247e+00
2.496582812500e+05 1.310930252075e+00
2.496580312500e+05 1.309586524963e+00
2.496577968750e+05 1.304896235466e+00
2.496575468750e+05 1.303416848183e+00
2.496572968750e+05 1.306033015251e+00
2.496570625000e+05 1.308090329170e+00
2.496568125000e+05 1.311187028885e+00
2.496565781250e+05 1.312835097313e+00
2.496563281250e+05 1.307312726974e+00
2.496560781250e+05 1.299107670784e+00
2.496558437500e+05 1.302654981613e+00
2.496555937500e+05 1.310773611069e+00
2.496553437500e+05 1.310778379440e+00
2.496551093750e+05 1.308467149734e+00
2.496548593750e+05 1.304691910744e+00
2.496546250000e+05 1.303039431572e+00
2.496543750000e+05 1.307849407196e+00
2.496541250000e+05 1.308215618134e+00
2.496538906250e+05 1.302161812782e+00
2.496536406250e+05 1.302929043770e+00
2.496533906250e+05 1.305585980415e+00
2.496531562500e+05 1.302701950073e+00
2.496529062500e+05 1.303469657898e+00
2.496526718750e+05 1.309942841530e+00
2.496524218750e+05 1.312600851059e+00
2.496521718750e+05 1.314134716988e+00
2.496519375000e+05 1.314177989960e+00
2.496516875000e+05 1.308623671532e+00
2.496514375000e+05 1.305780768394e+00
2.496512031250e+05 1.308298707008e+00
2.496509531250e+05 1.307548522949e+00
2.496507187500e+05 1.307395935059e+00
2.496504687500e+05 1.310253977776e+00
2.496502187500e+05 1.311298608780e+00
2.496499843750e+05 1.308301925659e+00
2.496497343750e+05 1.303149580956e+00
2.496494843750e+05 1.300981998444e+00
2.496492500000e+05 1.303208708763e+00
2.496490000000e+05 1.310704350471e+00
2.496487656250e+05 1.317818045616e+00
2.496485156250e+05 1.313316106796e+00
2.496482656250e+05 1.302850604057e+00
2.496480312500e+05 1.300414085388e+00
2.496477812500e+05 1.303016662598e+00
2.496475312500e+05 1.303893446922e+00
2.496472968750e+05 1.302757620811e+00
2.496470468750e+05 1.300433635712e+00
2.496468125000e+05 1.302143573761e+00
2.496465625000e+05 1.304338097572e+00
2.496463125000e+05 1.303901910782e+00
2.496460781250e+05 1.304089188576e+00
2.496458281250e+05 1.302466988564e+00
2.496455781250e+05 1.299140214920e+00
2.496453437500e+05 1.301982164383e+00
2.496450937500e+05 1.303890466690e+00
2.496448593750e+05 1.299130082130e+00
2.496446093750e+05 1.298086166382e+00
2.496443593750e+05 1.306640744209e+00
2.496441250000e+05 1.313019990921e+00
2.496438750000e+05 1.306474804878e+00
2.496436250000e+05 1.303752899170e+00
2.496433906250e+05 1.306894183159e+00
2.496431406250e+05 1.307111382484e+00
2.496429062500e+05 1.303493618965e+00
2.496426562500e+05 1.301780104637e+00
2.496424062500e+05 1.300497531891e+00
2.496421718750e+05 1.299328207970e+00
2.496419218750e+05 1.304870605469e+00
2.496416718750e+05 1.310871005058e+00
2.496414375000e+05 1.311857104301e+00
2.496411875000e+05 1.310117602348e+00
2.496409531250e+05 1.308456897736e+00
2.496407031250e+05 1.308719992638e+00
2.496404531250e+05 1.310526371002e+00
2.496402187500e+05 1.308663010597e+00
2.496399687500e+05 1.305032134056e+00
2.496397343750e+05 1.304595947266e+00
2.496394843750e+05 1.303039550781e+00
2.496392343750e+05 1.296499729156e+00
2.496390000000e+05 1.291952848434e+00
2.496387500000e+05 1.297584891319e+00
2.496385000000e+05 1.302699327469e+00
2.496382656250e+05 1.301466584206e+00
2.496380156250e+05 1.298230767250e+00
2.496377812500e+05 1.300058841705e+00
2.496375312500e+05 1.305899262428e+00
2.496372812500e+05 1.311629891396e+00
2.496370468750e+05 1.313490152359e+00
2.496367968750e+05 1.309758901596e+00
2.496365468750e+05 1.307314038277e+00
2.496363125000e+05 1.308079481125e+00
2.496360625000e+05 1.304037332535e+00
2.496358281250e+05 1.300531148911e+00
2.496355781250e+05 1.301185250282e+00
2.496353281250e+05 1.301320314407e+00
2.496350937500e+05 1.303840279579e+00
2.496348437500e+05 1.304933428764e+00
2.496345937500e+05 1.303480505943e+00
2.496343593750e+05 1.306218266487e+00
2.496341093750e+05 1.305574893951e+00
2.496338750000e+05 1.297169327736e+00
2.496336250000e+05 1.295228958130e+00
2.496333750000e+05 1.299828052521e+00
2.496331406250e+05 1.298827528954e+00
2.496328906250e+05 1.296619772911e+00
2.496326406250e+05 1.299212336540e+00
2.496324062500e+05 1.304761886597e+00
2.496321562500e+05 1.309752345085e+00
2.496319218750e+05 1.310545206070e+00
2.496316718750e+05 1.311515212059e+00
2.496314218750e+05 1.312226414680e+00
2.496311875000e+05 1.311084032059e+00
2.496309375000e+05 1.309193015099e+00
2.496306875000e+05 1.301866054535e+00
2.496304531250e+05 1.295089483261e+00
2.496302031250e+05 1.301891088486e+00
2.496299687500e+05 1.308974146843e+00
2.496297187500e+05 1.303433418274e+00
2.496294687500e+05 1.298782348633e+00
2.496292343750e+05 1.299278378487e+00
2.496289843750e+05 1.300778031349e+00
2.496287343750e+05 1.301956534386e+00
2.496285000000e+05 1.303981423378e+00
2.496282500000e+05 1.305682659149e+00
2.496280156250e+05 1.306412458420e+00
2.496277656250e+05 1.309351682663e+00
2.496275156250e+05 1.310882806778e+00
2.496272812500e+05 1.306162238121e+00
2.496270312500e+05 1.303002715111e+00
2.496267812500e+05 1.305572509766e+00
2.496265468750e+05 1.308326601982e+00
2.496262968750e+05 1.309582114220e+00
2.496260625000e+05 1.311757564545e+00
2.496258125000e+05 1.315370798111e+00
2.496255625000e+05 1.317221522331e+00
2.496253281250e+05 1.315160989761e+00
2.496250781250e+05 1.314851284027e+00
2.496248281250e+05 1.317452311516e+00
2.496245937500e+05 1.315275073051e+00
2.496243437500e+05 1.307243943214e+00
2.496241093750e+05 1.300754189491e+00
2.496238593750e+05 1.297315120697e+00
2.496236093750e+05 1.295346617699e+00
2.496233750000e+05 1.297274708748e+00
2.496231250000e+05 1.302432417870e+00
2.496228750000e+05 1.307505607605e+00
2.496226406250e+05 1.304301023483e+00
2.496223906250e+05 1.295457601547e+00
2.496221562500e+05 1.294069647789e+00
2.496219062500e+05 1.296378612518e+00
2.496216562500e+05 1.296388149261e+00
2.496214218750e+05 1.298571944237e+00
2.496211718750e+05 1.301200270653e+00
2.496209218750e+05 1.300536274910e+00
2.496206875000e+05 1.301996827126e+00
2.496204375000e+05 1.307043790817e+00
2.496202031250e+05 1.306057572365e+00
2.496199531250e+05 1.306666493416e+00
2.496197031250e+05 1.312239170074e+00
2.496194687500e+05 1.311089158058e+00
2.496192187500e+05 1.306695580482e+00
2.496189843750e+05 1.301796436310e+00
2.496187343750e+05 1.297181010246e+00
2.496184843750e+05 1.299718856812e+00
2.496182500000e+05 1.304359555244e+00
2.496180000000e+05 1.304745078087e+00
2.496177500000e+05 1.303760051727e+00
2.496175156250e+05 1.301326870918e+00
2.496172656250e+05 1.299017310143e+00
2.496170312500e+05 1.298130989075e+00
2.496167812500e+05 1.298240184784e+00
2.496165312500e+05 1.298762202263e+00
2.496162968750e+05 1.298976778984e+00
2.496160468750e+05 1.300780653954e+00
2.496157968750e+05 1.306273818016e+00
2.496155625000e+05 1.308573961258e+00
2.496153125000e+05 1.304291009903e+00
2.496150781250e+05 1.302954316139e+00
2.496148281250e+05 1.306488752365e+00
2.496145781250e+05 1.305974602699e+00
2.496143437500e+05 1.302022099495e+00
2.496140937500e+05 1.299930095673e+00
2.496138437500e+05 1.303224444389e+00
2.496136093750e+05 1.301554679871e+00
2.496133593750e+05 1.292317628860e+00
2.496131250000e+05 1.294255971909e+00
2.496128750000e+05 1.302944779396e+00
2.496126250000e+05 1.306119084358e+00
2.496123906250e+05 1.309784650803e+00
2.496121406250e+05 1.309966802597e+00
2.496118906250e+05 1.305193781853e+00
2.496116562500e+05 1.304051041603e+00
2.496114062500e+05 1.305919408798e+00
2.496111718750e+05 1.307417392731e+00
2.496109218750e+05 1.307091593742e+00
2.496106718750e+05 1.305862307549e+00
2.496104375000e+05 1.305817008018e+00
2.496101875000e+05 1.307563066483e+00
2.496099375000e+05 1.309891343117e+00
2.496097031250e+05 1.308994531631e+00
2.496094531250e+05 1.305309295654e+00
2.496092187500e+05 1.303749918938e+00
2.496089687500e+05 1.308046698570e+00
2.496087187500e+05 1.318622112274e+00
2.496084843750e+05 1.326999306679e+00
2.496082343750e+05 1.324463605881e+00
2.496079843750e+05 1.317571163177e+00
2.496077500000e+05 1.313004374504e+00
2.496075000000e+05 1.304806947708e+00
2.496072656250e+05 1.300193786621e+00
2.496070156250e+05 1.300752639771e+00
2.496067656250e+05 1.296233892441e+00
2.496065312500e+05 1.296790957451e+00
2.496062812500e+05 1.302617669106e+00
2.496060312500e+05 1.303213834763e+00
2.496057968750e+05 1.305850267410e+00
2.496055468750e+05 1.306409239769e+00
2.496053125000e+05 1.301704287529e+00
2.496050625000e+05 1.297841191292e+00
2.496048125000e+05 1.293141722679e+00
2.496045781250e+05 1.294483780861e+00
2.496043281250e+05 1.302010059357e+00
2.496040781250e+05 1.300715446472e+00
2.496038437500e+05 1.294540882111e+00
2.496035937500e+05 1.296029686928e+00
2.496033593750e+05 1.299941778183e+00
2.496031093750e+05 1.300787210464e+00
2.496028593750e+05 1.300391554832e+00
2.496026250000e+05 1.300028681755e+00
2.496023750000e+05 1.303622245789e+00
2.496021250000e+05 1.303643941879e+00
2.496018906250e+05 1.298883914948e+00
2.496016406250e+05 1.296907424927e+00
2.496014062500e+05 1.297582030296e+00
2.496011562500e+05 1.296864390373e+00
2.496009062500e+05 1.300329923630e+00
2.496006718750e+05 1.306245207787e+00
2.496004218750e+05 1.309451103210e+00
2.496001718750e+05 1.304095625877e+00
2.495999375000e+05 1.295307993889e+00
2.495996875000e+05 1.289938330650e+00
2.495994531250e+05 1.289612412453e+00
2.495992031250e+05 1.295120239258e+00
2.495989531250e+05 1.302168607712e+00
2.495987187500e+05 1.306875944138e+00
2.495984687500e+05 1.306244373322e+00
2.495982343750e+05 1.304757833481e+00
2.495979843750e+05 1.306712865829e+00
2.495977343750e+05 1.308219790459e+00
2.495975000000e+05 1.309198737144e+00
2.495972500000e+05 1.309159994125e+00
2.495970000000e+05 1.301989197731e+00
2.495967656250e+05 1.297644853592e+00
2.495965156250e+05 1.301170468330e+00
2.495962812500e+05 1.304531216621e+00
2.495960312500e+05 1.304161190987e+00
2.495957812500e+05 1.301691889763e+00
2.495955468750e+05 1.303848028183e+00
2.495952968750e+05 1.308894276619e+00
2.495950468750e+05 1.306852579117e+00
2.495948125000e+05 1.301443934441e+00
2.495945625000e+05 1.298834681511e+00
2.495943281250e+05 1.298742413521e+00
2.495940781250e+05 1.296916484833e+00
2.495938281250e+05 1.296203017235e+00
2.495935937500e+05 1.300578474998e+00
2.495933437500e+05 1.304362058640e+00
2.495930937500e+05 1.307890772820e+00
2.495928593750e+05 1.307688713074e+00
2.495926093750e+05 1.300919175148e+00
2.495923750000e+05 1.299728035927e+00
2.495921250000e+05 1.300026893616e+00
2.495918750000e+05 1.296249270439e+00
2.495916406250e+05 1.296435475349e+00
2.495913906250e+05 1.298432826996e+00
2.495911406250e+05 1.302074670792e+00
2.495909062500e+05 1.304160237312e+00
2.495906562500e+05 1.298895716667e+00
2.495904218750e+05 1.299480319023e+00
2.495901718750e+05 1.306950569153e+00
2.495899218750e+05 1.304455757141e+00
2.495896875000e+05 1.300205469131e+00
2.495894375000e+05 1.307804703712e+00
2.495891875000e+05 1.313560724258e+00
2.495889531250e+05 1.309304356575e+00
2.495887031250e+05 1.305395483971e+00
2.495884687500e+05 1.302644371986e+00
2.495882187500e+05 1.301372766495e+00
2.495879687500e+05 1.302915811539e+00
2.495877343750e+05 1.306086063385e+00
2.495874843750e+05 1.306698918343e+00
2.495872343750e+05 1.310455918312e+00
2.495870000000e+05 1.313596606255e+00
2.495867500000e+05 1.306425333023e+00
2.495865156250e+05 1.301528811455e+00
2.495862656250e+05 1.303394436836e+00
2.495860156250e+05 1.300678372383e+00
2.495857812500e+05 0.000000000000e+00
