#title: Spectral profile - Win3.clean0.image-raster
#region (world): Ellipse[[16:58:49.516, -20d57m16.516], [16:58:49.359, -20d57m14.74]]
#region (pixel): Ellipse[[181, 182], [203, 200]]
#coordinate: world
#xLabel: frequency [MHz]
#yLabel: [Jy] Flux Density

# Win1.clean0.image-raster
2.517421718750e+05 1.335247755051e+00
2.517419218750e+05 1.335313558578e+00
2.517416875000e+05 1.328028678894e+00
2.517414375000e+05 1.327256560326e+00
2.517411875000e+05 1.332489609718e+00
2.517409531250e+05 1.330913782120e+00
2.517407031250e+05 1.327338218689e+00
2.517404687500e+05 1.328003168106e+00
2.517402187500e+05 1.328460097313e+00
2.517399687500e+05 1.331789135933e+00
2.517397343750e+05 1.335019350052e+00
2.517394843750e+05 1.334186553955e+00
2.517392343750e+05 1.330026984215e+00
2.517390000000e+05 1.326096296310e+00
2.517387500000e+05 1.322757482529e+00
2.517385156250e+05 1.323647618294e+00
2.517382656250e+05 1.328459382057e+00
2.517380156250e+05 1.329356789589e+00
2.517377812500e+05 1.327799320221e+00
2.517375312500e+05 1.330054759979e+00
2.517372812500e+05 1.332175374031e+00
2.517370468750e+05 1.328548908234e+00
2.517367968750e+05 1.329473376274e+00
2.517365625000e+05 1.333285450935e+00
2.517363125000e+05 1.329279899597e+00
2.517360625000e+05 1.323173642159e+00
2.517358281250e+05 1.322716474533e+00
2.517355781250e+05 1.320231437683e+00
2.517353281250e+05 1.318045496941e+00
2.517350937500e+05 1.321287870407e+00
2.517348437500e+05 1.323300004005e+00
2.517346093750e+05 1.324525594711e+00
2.517343593750e+05 1.324534416199e+00
2.517341093750e+05 1.323672533035e+00
2.517338750000e+05 1.323840022087e+00
2.517336250000e+05 1.323885798454e+00
2.517333750000e+05 1.324638128281e+00
2.517331406250e+05 1.326621770859e+00
2.517328906250e+05 1.325768113136e+00
2.517326562500e+05 1.321576595306e+00
2.517324062500e+05 1.320632457733e+00
2.517321562500e+05 1.325704216957e+00
2.517319218750e+05 1.326865315437e+00
2.517316718750e+05 1.327546834946e+00
2.517314218750e+05 1.328191995621e+00
2.517311875000e+05 1.325694799423e+00
2.517309375000e+05 1.323351144791e+00
2.517307031250e+05 1.325503945351e+00
2.517304531250e+05 1.327324271202e+00
2.517302031250e+05 1.327728748322e+00
2.517299687500e+05 1.326691627502e+00
2.517297187500e+05 1.323266863823e+00
2.517294687500e+05 1.326342225075e+00
2.517292343750e+05 1.333330154419e+00
2.517289843750e+05 1.337876796722e+00
2.517287500000e+05 1.341095805168e+00
2.517285000000e+05 1.336803793907e+00
2.517282500000e+05 1.331768393517e+00
2.517280156250e+05 1.331622362137e+00
2.517277656250e+05 1.328605294228e+00
2.517275156250e+05 1.329181075096e+00
2.517272812500e+05 1.330766558647e+00
2.517270312500e+05 1.328383088112e+00
2.517267968750e+05 1.328666210175e+00
2.517265468750e+05 1.330941915512e+00
2.517262968750e+05 1.329600572586e+00
2.517260625000e+05 1.324452996254e+00
2.517258125000e+05 1.318283319473e+00
2.517255781250e+05 1.321835160255e+00
2.517253281250e+05 1.330058693886e+00
2.517250781250e+05 1.330792069435e+00
2.517248437500e+05 1.325032114983e+00
2.517245937500e+05 1.320065498352e+00
2.517243437500e+05 1.319920897484e+00
2.517241093750e+05 1.321622610092e+00
2.517238593750e+05 1.323119759560e+00
2.517236250000e+05 1.324675917625e+00
2.517233750000e+05 1.324848413467e+00
2.517231250000e+05 1.326276659966e+00
2.517228906250e+05 1.326844692230e+00
2.517226406250e+05 1.327746272087e+00
2.517223906250e+05 1.329345583916e+00
2.517221562500e+05 1.327641725540e+00
2.517219062500e+05 1.324637651443e+00
2.517216718750e+05 1.324916005135e+00
2.517214218750e+05 1.324112653732e+00
2.517211718750e+05 1.322780370712e+00
2.517209375000e+05 1.323163509369e+00
2.517206875000e+05 1.324881911278e+00
2.517204375000e+05 1.326383829117e+00
2.517202031250e+05 1.325239181519e+00
2.517199531250e+05 1.325055837631e+00
2.517197187500e+05 1.324970960617e+00
2.517194687500e+05 1.326690435410e+00
2.517192187500e+05 1.330160498619e+00
2.517189843750e+05 1.328630447388e+00
2.517187343750e+05 1.326059103012e+00
2.517184843750e+05 1.327086925507e+00
2.517182500000e+05 1.325446486473e+00
2.517180000000e+05 1.324035644531e+00
2.517177656250e+05 1.323280215263e+00
2.517175156250e+05 1.323025226593e+00
2.517172656250e+05 1.326109290123e+00
2.517170312500e+05 1.326664686203e+00
2.517167812500e+05 1.323463082314e+00
2.517165312500e+05 1.321149945259e+00
2.517162968750e+05 1.322829961777e+00
2.517160468750e+05 1.327630281448e+00
2.517158125000e+05 1.330289602280e+00
2.517155625000e+05 1.330801486969e+00
2.517153125000e+05 1.329478502274e+00
2.517150781250e+05 1.324322700500e+00
2.517148281250e+05 1.323561549187e+00
2.517145781250e+05 1.329160451889e+00
2.517143437500e+05 1.332462668419e+00
2.517140937500e+05 1.335197329521e+00
2.517138593750e+05 1.333142161369e+00
2.517136093750e+05 1.325632929802e+00
2.517133593750e+05 1.320338249207e+00
2.517131250000e+05 1.322238683701e+00
2.517128750000e+05 1.327691555023e+00
2.517126250000e+05 1.329642534256e+00
2.517123906250e+05 1.328254222870e+00
2.517121406250e+05 1.326903462410e+00
2.517119062500e+05 1.320381164551e+00
2.517116562500e+05 1.320660591125e+00
2.517114062500e+05 1.328067541122e+00
2.517111718750e+05 1.327196240425e+00
2.517109218750e+05 1.320942640305e+00
2.517106718750e+05 1.315456032753e+00
2.517104375000e+05 1.313102364540e+00
2.517101875000e+05 1.320722222328e+00
2.517099531250e+05 1.328816771507e+00
2.517097031250e+05 1.326716542244e+00
2.517094531250e+05 1.322566747665e+00
2.517092187500e+05 1.323552966118e+00
2.517089687500e+05 1.326484203339e+00
2.517087187500e+05 1.327540397644e+00
2.517084843750e+05 1.325580000877e+00
2.517082343750e+05 1.322296261787e+00
2.517080000000e+05 1.322642922401e+00
2.517077500000e+05 1.324451446533e+00
2.517075000000e+05 1.323065161705e+00
2.517072656250e+05 1.321248054504e+00
2.517070156250e+05 1.320991039276e+00
2.517067656250e+05 1.322060823441e+00
2.517065312500e+05 1.326213359833e+00
2.517062812500e+05 1.329153895378e+00
2.517060468750e+05 1.326667785645e+00
2.517057968750e+05 1.322710156441e+00
2.517055468750e+05 1.319734096527e+00
2.517053125000e+05 1.322018027306e+00
2.517050625000e+05 1.325585246086e+00
2.517048281250e+05 1.324019432068e+00
2.517045781250e+05 1.320128679276e+00
2.517043281250e+05 1.316240072250e+00
2.517040937500e+05 1.319282889366e+00
2.517038437500e+05 1.328397870064e+00
2.517035937500e+05 1.331716179848e+00
2.517033593750e+05 1.324765443802e+00
2.517031093750e+05 1.317643404007e+00
2.517028750000e+05 1.316141009331e+00
2.517026250000e+05 1.321095228195e+00
2.517023750000e+05 1.325345635414e+00
2.517021406250e+05 1.324962139130e+00
2.517018906250e+05 1.326222419739e+00
2.517016406250e+05 1.327759861946e+00
2.517014062500e+05 1.327787518501e+00
2.517011562500e+05 1.326328873634e+00
2.517009218750e+05 1.322656035423e+00
2.517006718750e+05 1.321966290474e+00
2.517004218750e+05 1.324689626694e+00
2.517001875000e+05 1.326768040657e+00
2.516999375000e+05 1.326252222061e+00
2.516996875000e+05 1.325197815895e+00
2.516994531250e+05 1.324413299561e+00
2.516992031250e+05 1.321297883987e+00
2.516989687500e+05 1.322592020035e+00
2.516987187500e+05 1.327965378761e+00
2.516984687500e+05 1.331192255020e+00
2.516982343750e+05 1.332407593727e+00
2.516979843750e+05 1.331244230270e+00
2.516977343750e+05 1.327213048935e+00
2.516975000000e+05 1.323547720909e+00
2.516972500000e+05 1.323230743408e+00
2.516970156250e+05 1.326821208000e+00
2.516967656250e+05 1.327481508255e+00
2.516965156250e+05 1.322897434235e+00
2.516962812500e+05 1.321030974388e+00
2.516960312500e+05 1.321521162987e+00
2.516957812500e+05 1.322728157043e+00
2.516955468750e+05 1.329010248184e+00
2.516952968750e+05 1.332506418228e+00
2.516950625000e+05 1.328717350960e+00
2.516948125000e+05 1.327626585960e+00
2.516945625000e+05 1.329067230225e+00
2.516943281250e+05 1.326568841934e+00
2.516940781250e+05 1.320603251457e+00
2.516938281250e+05 1.318940281868e+00
2.516935937500e+05 1.324334740639e+00
2.516933437500e+05 1.327170729637e+00
2.516931093750e+05 1.329135656357e+00
2.516928593750e+05 1.334238409996e+00
2.516926093750e+05 1.335826277733e+00
2.516923750000e+05 1.331376075745e+00
2.516921250000e+05 1.324504375458e+00
2.516918750000e+05 1.323465347290e+00
2.516916406250e+05 1.327974319458e+00
2.516913906250e+05 1.326988458633e+00
2.516911562500e+05 1.324251174927e+00
2.516909062500e+05 1.322863221169e+00
2.516906562500e+05 1.319923639297e+00
2.516904218750e+05 1.320451378822e+00
2.516901718750e+05 1.318785786629e+00
2.516899218750e+05 1.313811063766e+00
2.516896875000e+05 1.314244627953e+00
2.516894375000e+05 1.321292519569e+00
2.516892031250e+05 1.323366761208e+00
2.516889531250e+05 1.322240591049e+00
2.516887031250e+05 1.322847723961e+00
2.516884687500e+05 1.321647644043e+00
2.516882187500e+05 1.319734096527e+00
2.516879687500e+05 1.319415569305e+00
2.516877343750e+05 1.318415760994e+00
2.516874843750e+05 1.317816257477e+00
2.516872500000e+05 1.318915605545e+00
2.516870000000e+05 1.322347879410e+00
2.516867500000e+05 1.322141647339e+00
2.516865156250e+05 1.319426655769e+00
2.516862656250e+05 1.319272875786e+00
2.516860156250e+05 1.319861412048e+00
2.516857812500e+05 1.322739005089e+00
2.516855312500e+05 1.327075958252e+00
2.516852968750e+05 1.326833844185e+00
2.516850468750e+05 1.323567867279e+00
2.516847968750e+05 1.322584629059e+00
2.516845625000e+05 1.321575284004e+00
2.516843125000e+05 1.322248578072e+00
2.516840781250e+05 1.325890421867e+00
2.516838281250e+05 1.324098587036e+00
2.516835781250e+05 1.317815542221e+00
2.516833437500e+05 1.317355632782e+00
2.516830937500e+05 1.320373535156e+00
2.516828437500e+05 1.321720600128e+00
2.516826093750e+05 1.320554375648e+00
2.516823593750e+05 1.321232557297e+00
2.516821250000e+05 1.321451067924e+00
2.516818750000e+05 1.320582389832e+00
2.516816250000e+05 1.320651769638e+00
2.516813906250e+05 1.323498964310e+00
2.516811406250e+05 1.325641155243e+00
2.516808906250e+05 1.326430201530e+00
2.516806562500e+05 1.331241250038e+00
2.516804062500e+05 1.335020184517e+00
2.516801718750e+05 1.333678722382e+00
2.516799218750e+05 1.330448746681e+00
2.516796718750e+05 1.326886773109e+00
2.516794375000e+05 1.324003934860e+00
2.516791875000e+05 1.320439696312e+00
2.516789375000e+05 1.318423986435e+00
2.516787031250e+05 1.319987893105e+00
2.516784531250e+05 1.322512865067e+00
2.516782187500e+05 1.323203086853e+00
2.516779687500e+05 1.325324177742e+00
2.516777187500e+05 1.328230738640e+00
2.516774843750e+05 1.326911807060e+00
2.516772343750e+05 1.327266097069e+00
2.516769843750e+05 1.328972101212e+00
2.516767500000e+05 1.329863786697e+00
2.516765000000e+05 1.330647945404e+00
2.516762656250e+05 1.329053521156e+00
2.516760156250e+05 1.326618790627e+00
2.516757656250e+05 1.324089407921e+00
2.516755312500e+05 1.321430802345e+00
2.516752812500e+05 1.322490215302e+00
2.516750312500e+05 1.327424168587e+00
2.516747968750e+05 1.328696966171e+00
2.516745468750e+05 1.326015830040e+00
2.516743125000e+05 1.324297428131e+00
2.516740625000e+05 1.324452638626e+00
2.516738125000e+05 1.326501250267e+00
2.516735781250e+05 1.328422665596e+00
2.516733281250e+05 1.326221466064e+00
2.516730781250e+05 1.319846272469e+00
2.516728437500e+05 1.321085095406e+00
2.516725937500e+05 1.327722191811e+00
2.516723593750e+05 1.325960040092e+00
2.516721093750e+05 1.322886347771e+00
2.516718593750e+05 1.325770616531e+00
2.516716250000e+05 1.324431180954e+00
2.516713750000e+05 1.317926287651e+00
2.516711250000e+05 1.319514393806e+00
2.516708906250e+05 1.325846314430e+00
2.516706406250e+05 1.326934099197e+00
2.516704062500e+05 1.324870586395e+00
2.516701562500e+05 1.325896859169e+00
2.516699062500e+05 1.328989148140e+00
2.516696718750e+05 1.334871888161e+00
2.516694218750e+05 1.350715041161e+00
2.516691718750e+05 1.371387124062e+00
2.516689375000e+05 1.381451487541e+00
2.516686875000e+05 1.369879961014e+00
2.516684531250e+05 1.347117304802e+00
2.516682031250e+05 1.332487940788e+00
2.516679531250e+05 1.329470276833e+00
2.516677187500e+05 1.326866865158e+00
2.516674687500e+05 1.322444796562e+00
2.516672187500e+05 1.319141626358e+00
2.516669843750e+05 1.324390888214e+00
2.516667343750e+05 1.330199360847e+00
2.516665000000e+05 1.326576471329e+00
2.516662500000e+05 1.320879578590e+00
2.516660000000e+05 1.318980932236e+00
2.516657656250e+05 1.319954872131e+00
2.516655156250e+05 1.321983814240e+00
2.516652656250e+05 1.319716930389e+00
2.516650312500e+05 1.314874172211e+00
2.516647812500e+05 1.313941478729e+00
2.516645468750e+05 1.317423939705e+00
2.516642968750e+05 1.317409396172e+00
2.516640468750e+05 1.319513201714e+00
2.516638125000e+05 1.324198484421e+00
2.516635625000e+05 1.324622869492e+00
2.516633281250e+05 1.322083473206e+00
2.516630781250e+05 1.323025822639e+00
2.516628281250e+05 1.327842354774e+00
2.516625937500e+05 1.328566312790e+00
2.516623437500e+05 1.328781127930e+00
2.516620937500e+05 1.325996756554e+00
2.516618593750e+05 1.321627497673e+00
2.516616093750e+05 1.322808146477e+00
2.516613750000e+05 1.321990251541e+00
2.516611250000e+05 1.319128394127e+00
2.516608750000e+05 1.317537307739e+00
2.516606406250e+05 1.318434953690e+00
2.516603906250e+05 1.323391318321e+00
2.516601406250e+05 1.324965119362e+00
2.516599062500e+05 1.324421405792e+00
2.516596562500e+05 1.323816895485e+00
2.516594218750e+05 1.321733355522e+00
2.516591718750e+05 1.319873571396e+00
2.516589218750e+05 1.321010708809e+00
2.516586875000e+05 1.321999073029e+00
2.516584375000e+05 1.322349786758e+00
2.516581875000e+05 1.324248313904e+00
2.516579531250e+05 1.322293162346e+00
2.516577031250e+05 1.318389892578e+00
2.516574687500e+05 1.318425536156e+00
2.516572187500e+05 1.320094227791e+00
2.516569687500e+05 1.323738217354e+00
2.516567343750e+05 1.326267361641e+00
2.516564843750e+05 1.326044797897e+00
2.516562343750e+05 1.324584603310e+00
2.516560000000e+05 1.321322321892e+00
2.516557500000e+05 1.321633219719e+00
2.516555156250e+05 1.327377438545e+00
2.516552656250e+05 1.329789876938e+00
2.516550156250e+05 1.326045751572e+00
2.516547812500e+05 1.324131131172e+00
2.516545312500e+05 1.326859354973e+00
2.516542812500e+05 1.327812314034e+00
2.516540468750e+05 1.324907660484e+00
2.516537968750e+05 1.320065855980e+00
2.516535625000e+05 1.318647384644e+00
2.516533125000e+05 1.322053790092e+00
2.516530625000e+05 1.321515917778e+00
2.516528281250e+05 1.319456458092e+00
2.516525781250e+05 1.322219252586e+00
2.516523281250e+05 1.326470971107e+00
2.516520937500e+05 1.329897046089e+00
2.516518437500e+05 1.330160975456e+00
2.516516093750e+05 1.328188061714e+00
2.516513593750e+05 1.326993584633e+00
2.516511093750e+05 1.323221087456e+00
2.516508750000e+05 1.319494247437e+00
2.516506250000e+05 1.319802165031e+00
2.516503750000e+05 1.325182199478e+00
2.516501406250e+05 1.331573605537e+00
2.516498906250e+05 1.332596778870e+00
2.516496562500e+05 1.324879407883e+00
2.516494062500e+05 1.314543366432e+00
2.516491562500e+05 1.310635924339e+00
2.516489218750e+05 1.317985177040e+00
2.516486718750e+05 1.326310753822e+00
2.516484218750e+05 1.325854301453e+00
2.516481875000e+05 1.323277235031e+00
2.516479375000e+05 1.320637822151e+00
2.516477031250e+05 1.319471597672e+00
2.516474531250e+05 1.322695016861e+00
2.516472031250e+05 1.326242685318e+00
2.516469687500e+05 1.327138543129e+00
2.516467187500e+05 1.325513124466e+00
2.516464687500e+05 1.322800636292e+00
2.516462343750e+05 1.322142004967e+00
2.516459843750e+05 1.321197390556e+00
2.516457500000e+05 1.318802595139e+00
2.516455000000e+05 1.318758606911e+00
2.516452500000e+05 1.324488878250e+00
2.516450156250e+05 1.330382347107e+00
2.516447656250e+05 1.327392458916e+00
2.516445156250e+05 1.318360686302e+00
2.516442812500e+05 1.314602613449e+00
2.516440312500e+05 1.315340042114e+00
2.516437968750e+05 1.316028594971e+00
2.516435468750e+05 1.318297505379e+00
2.516432968750e+05 1.320676088333e+00
2.516430625000e+05 1.323104977608e+00
2.516428125000e+05 1.327949047089e+00
2.516425781250e+05 1.327241063118e+00
2.516423281250e+05 1.322069525719e+00
2.516420781250e+05 1.319796919823e+00
2.516418437500e+05 1.319673180580e+00
2.516415937500e+05 1.321785330772e+00
2.516413437500e+05 1.324084997177e+00
2.516411093750e+05 1.322800517082e+00
2.516408593750e+05 1.322273254395e+00
2.516406250000e+05 1.323624610901e+00
2.516403750000e+05 1.320836186409e+00
2.516401250000e+05 1.318928480148e+00
2.516398906250e+05 1.323472619057e+00
2.516396406250e+05 1.327363371849e+00
2.516393906250e+05 1.327815651894e+00
2.516391562500e+05 1.324086546898e+00
2.516389062500e+05 1.319211721420e+00
2.516386718750e+05 1.322240471840e+00
2.516384218750e+05 1.326363682747e+00
2.516381718750e+05 1.327847480774e+00
2.516379375000e+05 1.328516840935e+00
2.516376875000e+05 1.326733946800e+00
2.516374375000e+05 1.322950005531e+00
2.516372031250e+05 1.320616006851e+00
2.516369531250e+05 1.322647333145e+00
2.516367187500e+05 1.323677182198e+00
2.516364687500e+05 1.323446869850e+00
2.516362187500e+05 1.322126984596e+00
2.516359843750e+05 1.319605588913e+00
2.516357343750e+05 1.319567084312e+00
2.516354843750e+05 1.322246670723e+00
2.516352500000e+05 1.321936845779e+00
2.516350000000e+05 1.321291685104e+00
2.516347656250e+05 1.321835517883e+00
2.516345156250e+05 1.318618893623e+00
2.516342656250e+05 1.319095969200e+00
2.516340312500e+05 1.324854254723e+00
2.516337812500e+05 1.326551795006e+00
2.516335312500e+05 1.325058937073e+00
2.516332968750e+05 1.327073216438e+00
2.516330468750e+05 1.330282926559e+00
2.516328125000e+05 1.331701040268e+00
2.516325625000e+05 1.330671668053e+00
2.516323125000e+05 1.328255534172e+00
2.516320781250e+05 1.326020598412e+00
2.516318281250e+05 1.324918746948e+00
2.516315781250e+05 1.323253870010e+00
2.516313437500e+05 1.321429610252e+00
2.516310937500e+05 1.318000435829e+00
2.516308593750e+05 1.319838404655e+00
2.516306093750e+05 1.327956080437e+00
2.516303593750e+05 1.327461004257e+00
2.516301250000e+05 1.324180603027e+00
2.516298750000e+05 1.324386477470e+00
2.516296250000e+05 1.323412537575e+00
2.516293906250e+05 1.325723767281e+00
2.516291406250e+05 1.327908158302e+00
2.516289062500e+05 1.327218890190e+00
2.516286562500e+05 1.329815030098e+00
2.516284062500e+05 1.332661509514e+00
2.516281718750e+05 1.333562493324e+00
2.516279218750e+05 1.333423852921e+00
2.516276718750e+05 1.327687382698e+00
2.516274375000e+05 1.322334170341e+00
2.516271875000e+05 1.322917699814e+00
2.516269531250e+05 1.323348760605e+00
2.516267031250e+05 1.324417591095e+00
2.516264531250e+05 1.325239658356e+00
2.516262187500e+05 1.324351549149e+00
2.516259687500e+05 1.322051763535e+00
2.516257187500e+05 1.322037935257e+00
2.516254843750e+05 1.324213624001e+00
2.516252343750e+05 1.324666619301e+00
2.516250000000e+05 1.325152039528e+00
2.516247500000e+05 1.325458407402e+00
2.516245000000e+05 1.323873400688e+00
2.516242656250e+05 1.322360277176e+00
2.516240156250e+05 1.320800065994e+00
2.516237656250e+05 1.320740461349e+00
2.516235312500e+05 1.324560999870e+00
2.516232812500e+05 1.329136848450e+00
2.516230468750e+05 1.331382632256e+00
2.516227968750e+05 1.331916928291e+00
2.516225468750e+05 1.332278132439e+00
2.516223125000e+05 1.327915310860e+00
2.516220625000e+05 1.322815537453e+00
2.516218281250e+05 1.323094129562e+00
2.516215781250e+05 1.323684334755e+00
2.516213281250e+05 1.320411205292e+00
2.516210937500e+05 1.318486571312e+00
2.516208437500e+05 1.320267081261e+00
2.516205937500e+05 1.321893453598e+00
2.516203593750e+05 1.322227835655e+00
2.516201093750e+05 1.320388913155e+00
2.516198750000e+05 1.315025568008e+00
2.516196250000e+05 1.315811157227e+00
2.516193750000e+05 1.319482326508e+00
2.516191406250e+05 1.319487094879e+00
2.516188906250e+05 1.319228768349e+00
2.516186406250e+05 1.319373250008e+00
2.516184062500e+05 1.322319626808e+00
2.516181562500e+05 1.328257322311e+00
2.516179218750e+05 1.331171512604e+00
2.516176718750e+05 1.331145524979e+00
2.516174218750e+05 1.326761364937e+00
2.516171875000e+05 1.322130441666e+00
2.516169375000e+05 1.321547865868e+00
2.516166875000e+05 1.321816444397e+00
2.516164531250e+05 1.323082447052e+00
2.516162031250e+05 1.327032089233e+00
2.516159687500e+05 1.329329013824e+00
2.516157187500e+05 1.327606439590e+00
2.516154687500e+05 1.326674103737e+00
2.516152343750e+05 1.328734517097e+00
2.516149843750e+05 1.326745986938e+00
2.516147343750e+05 1.323237299919e+00
2.516145000000e+05 1.320869922638e+00
2.516142500000e+05 1.319094419479e+00
2.516140156250e+05 1.318257927895e+00
2.516137656250e+05 1.319604992867e+00
2.516135156250e+05 1.321612000465e+00
2.516132812500e+05 1.324508428574e+00
2.516130312500e+05 1.328552365303e+00
2.516127812500e+05 1.330329418182e+00
2.516125468750e+05 1.326685190201e+00
2.516122968750e+05 1.322796106339e+00
2.516120625000e+05 1.324685573578e+00
2.516118125000e+05 1.329123973846e+00
2.516115625000e+05 1.330049514771e+00
2.516113281250e+05 1.332787990570e+00
2.516110781250e+05 1.336956024170e+00
2.516108281250e+05 1.334937214851e+00
2.516105937500e+05 1.329256176949e+00
2.516103437500e+05 1.322929978371e+00
2.516101093750e+05 1.318695545197e+00
2.516098593750e+05 1.323853373528e+00
2.516096093750e+05 1.326456785202e+00
2.516093750000e+05 1.324870824814e+00
2.516091250000e+05 1.327022910118e+00
2.516088750000e+05 1.329293727875e+00
2.516086406250e+05 1.330340981483e+00
2.516083906250e+05 1.332085251808e+00
2.516081562500e+05 1.336120843887e+00
2.516079062500e+05 1.340331315994e+00
2.516076562500e+05 1.348905324936e+00
2.516074218750e+05 1.366946339607e+00
2.516071718750e+05 1.377176284790e+00
2.516069218750e+05 1.365569353104e+00
2.516066875000e+05 1.346792459488e+00
2.516064375000e+05 1.337486505508e+00
2.516062031250e+05 1.335347294807e+00
2.516059531250e+05 1.332999467850e+00
2.516057031250e+05 1.328388333321e+00
2.516054687500e+05 1.323346614838e+00
2.516052187500e+05 1.322391629219e+00
2.516049687500e+05 1.325047612190e+00
2.516047343750e+05 1.324491024017e+00
2.516044843750e+05 1.319966435432e+00
2.516042500000e+05 1.319769978523e+00
2.516040000000e+05 1.328082561493e+00
2.516037500000e+05 1.331544041634e+00
2.516035156250e+05 1.325522661209e+00
2.516032656250e+05 1.321193695068e+00
2.516030156250e+05 1.318908333778e+00
2.516027812500e+05 1.320596337318e+00
2.516025312500e+05 1.322794318199e+00
2.516022968750e+05 1.321770191193e+00
2.516020468750e+05 1.323521256447e+00
2.516017968750e+05 1.325067996979e+00
2.516015625000e+05 1.327697634697e+00
2.516013125000e+05 1.328754186630e+00
2.516010781250e+05 1.327323913574e+00
2.516008281250e+05 1.327142715454e+00
2.516005781250e+05 1.325605154037e+00
2.516003437500e+05 1.323290586472e+00
2.516000937500e+05 1.321187138557e+00
2.515998437500e+05 1.322574734688e+00
2.515996093750e+05 1.327534675598e+00
2.515993593750e+05 1.329694628716e+00
2.515991250000e+05 1.327671051025e+00
2.515988750000e+05 1.323691725731e+00
2.515986250000e+05 1.321587204933e+00
2.515983906250e+05 1.321409940720e+00
2.515981406250e+05 1.321260094643e+00
2.515978906250e+05 1.321193575859e+00
2.515976562500e+05 1.320926785469e+00
2.515974062500e+05 1.321481227875e+00
2.515971718750e+05 1.322586417198e+00
2.515969218750e+05 1.322125077248e+00
2.515966718750e+05 1.321092486382e+00
2.515964375000e+05 1.320260524750e+00
2.515961875000e+05 1.320653796196e+00
2.515959375000e+05 1.319901108742e+00
2.515957031250e+05 1.318472862244e+00
2.515954531250e+05 1.319239854813e+00
2.515952187500e+05 1.321726799011e+00
2.515949687500e+05 1.324087023735e+00
2.515947187500e+05 1.326892375946e+00
2.515944843750e+05 1.328670978546e+00
2.515942343750e+05 1.327460169792e+00
2.515939843750e+05 1.324948310852e+00
2.515937500000e+05 1.322532296181e+00
2.515935000000e+05 1.322774648666e+00
2.515932656250e+05 1.326527714729e+00
2.515930156250e+05 1.326595544815e+00
2.515927656250e+05 1.322448253632e+00
2.515925312500e+05 1.320500493050e+00
2.515922812500e+05 1.321899890900e+00
2.515920312500e+05 1.323333024979e+00
2.515917968750e+05 1.320435523987e+00
2.515915468750e+05 1.319386959076e+00
2.515913125000e+05 1.321455359459e+00
2.515910625000e+05 1.323414802551e+00
2.515908125000e+05 1.322132587433e+00
2.515905781250e+05 1.319655656815e+00
2.515903281250e+05 1.323224425316e+00
2.515900781250e+05 1.324325799942e+00
2.515898437500e+05 1.320204138756e+00
2.515895937500e+05 1.320798397064e+00
2.515893593750e+05 1.321736097336e+00
2.515891093750e+05 1.318887233734e+00
2.515888593750e+05 1.315783619881e+00
2.515886250000e+05 1.315419912338e+00
2.515883750000e+05 1.316659688950e+00
2.515881250000e+05 1.318806171417e+00
2.515878906250e+05 1.320806145668e+00
2.515876406250e+05 1.323536753654e+00
2.515874062500e+05 1.324574351311e+00
2.515871562500e+05 1.320362925529e+00
2.515869062500e+05 1.315068364143e+00
2.515866718750e+05 1.316737532616e+00
2.515864218750e+05 1.323511719704e+00
2.515861718750e+05 1.327585577965e+00
2.515859375000e+05 1.328559875488e+00
2.515856875000e+05 1.327440381050e+00
2.515854531250e+05 1.321677565575e+00
2.515852031250e+05 1.319467067719e+00
2.515849531250e+05 1.324581265450e+00
2.515847187500e+05 1.325870037079e+00
2.515844687500e+05 1.324638247490e+00
2.515842187500e+05 1.326298117638e+00
2.515839843750e+05 1.324896454811e+00
2.515837343750e+05 1.322381138802e+00
2.515835000000e+05 1.322255849838e+00
2.515832500000e+05 1.321524381638e+00
2.515830000000e+05 1.322133541107e+00
2.515827656250e+05 1.326280593872e+00
2.515825156250e+05 1.327958106995e+00
2.515822656250e+05 1.325504660606e+00
2.515820312500e+05 1.326369404793e+00
2.515817812500e+05 1.328023195267e+00
2.515815468750e+05 1.325953125954e+00
2.515812968750e+05 1.320413708687e+00
2.515810468750e+05 1.318131446838e+00
2.515808125000e+05 1.322124242783e+00
2.515805625000e+05 1.326919794083e+00
2.515803281250e+05 1.327226996422e+00
2.515800781250e+05 1.322120904922e+00
2.515798281250e+05 1.319361805916e+00
2.515795937500e+05 1.322661757469e+00
2.515793437500e+05 1.325526237488e+00
2.515790937500e+05 1.326158642769e+00
2.515788593750e+05 1.324790120125e+00
2.515786093750e+05 1.323216199875e+00
2.515783750000e+05 1.322090148926e+00
2.515781250000e+05 1.325593948364e+00
2.515778750000e+05 1.328769922256e+00
2.515776406250e+05 1.324654340744e+00
2.515773906250e+05 1.319940686226e+00
2.515771406250e+05 1.322925925255e+00
2.515769062500e+05 1.325463771820e+00
2.515766562500e+05 1.325180649757e+00
2.515764218750e+05 1.325443506241e+00
2.515761718750e+05 1.326819658279e+00
2.515759218750e+05 1.325349688530e+00
2.515756875000e+05 1.320267200470e+00
2.515754375000e+05 1.315198063850e+00
2.515751875000e+05 1.314762234688e+00
2.515749531250e+05 1.317749857903e+00
2.515747031250e+05 1.321703910828e+00
2.515744687500e+05 1.323436856270e+00
2.515742187500e+05 1.324750185013e+00
2.515739687500e+05 1.328932642937e+00
2.515737343750e+05 1.328753709793e+00
2.515734843750e+05 1.327592372894e+00
2.515732343750e+05 1.330010533333e+00
2.515730000000e+05 1.329432129860e+00
2.515727500000e+05 1.325517416000e+00
2.515725156250e+05 1.323414325714e+00
2.515722656250e+05 1.321257114410e+00
2.515720156250e+05 1.319796442986e+00
2.515717812500e+05 1.321444272995e+00
2.515715312500e+05 1.324743151665e+00
2.515712812500e+05 1.327544212341e+00
2.515710468750e+05 1.326889395714e+00
2.515707968750e+05 1.324189782143e+00
2.515705625000e+05 1.326283693314e+00
2.515703125000e+05 1.328409910202e+00
2.515700625000e+05 1.328819990158e+00
2.515698281250e+05 1.330754756927e+00
2.515695781250e+05 1.334607601166e+00
2.515693281250e+05 1.335587263107e+00
2.515690937500e+05 1.331007719040e+00
2.515688437500e+05 1.326300740242e+00
2.515686093750e+05 1.323910713196e+00
2.515683593750e+05 1.322083473206e+00
2.515681093750e+05 1.325538396835e+00
2.515678750000e+05 1.328391194344e+00
2.515676250000e+05 1.324202299118e+00
2.515673750000e+05 1.316990375519e+00
2.515671406250e+05 1.313545703888e+00
2.515668906250e+05 1.316841125488e+00
2.515666562500e+05 1.318145751953e+00
2.515664062500e+05 1.319053053856e+00
2.515661562500e+05 1.321326375008e+00
2.515659218750e+05 1.325248599052e+00
2.515656718750e+05 1.326165199280e+00
2.515654218750e+05 1.325165271759e+00
2.515651875000e+05 1.324445843697e+00
2.515649375000e+05 1.324440836906e+00
2.515647031250e+05 1.322499632835e+00
2.515644531250e+05 1.318102836609e+00
2.515642031250e+05 1.314952731133e+00
2.515639687500e+05 1.314000606537e+00
2.515637187500e+05 1.316972255707e+00
2.515634687500e+05 1.324171662331e+00
2.515632343750e+05 1.326800346375e+00
2.515629843750e+05 1.325221896172e+00
2.515627500000e+05 1.324082612991e+00
2.515625000000e+05 1.325016617775e+00
2.515622500000e+05 1.329376697540e+00
2.515620156250e+05 1.330488562584e+00
2.515617656250e+05 1.330041766167e+00
2.515615156250e+05 1.332683682442e+00
2.515612812500e+05 1.334572315216e+00
2.515610312500e+05 1.331592321396e+00
2.515607968750e+05 1.330031991005e+00
2.515605468750e+05 1.331348657608e+00
2.515602968750e+05 1.332443118095e+00
2.515600625000e+05 1.330382585526e+00
2.515598125000e+05 1.326457738876e+00
2.515595781250e+05 1.323280811310e+00
2.515593281250e+05 1.326353192329e+00
2.515590781250e+05 1.329447984695e+00
2.515588437500e+05 1.327493071556e+00
2.515585937500e+05 1.323994517326e+00
2.515583437500e+05 1.325559020042e+00
2.515581093750e+05 1.329716086388e+00
2.515578593750e+05 1.328461766243e+00
2.515576250000e+05 1.324984550476e+00
2.515573750000e+05 1.323143959045e+00
2.515571250000e+05 1.324457883835e+00
2.515568906250e+05 1.329272270203e+00
2.515566406250e+05 1.327650666237e+00
2.515563906250e+05 1.324901103973e+00
2.515561562500e+05 1.328984618187e+00
2.515559062500e+05 1.330794453621e+00
2.515556718750e+05 1.327234387398e+00
2.515554218750e+05 1.328121423721e+00
2.515551718750e+05 1.331395864487e+00
2.515549375000e+05 1.329752922058e+00
2.515546875000e+05 1.326855063438e+00
2.515544375000e+05 1.326809763908e+00
2.515542031250e+05 1.324959516525e+00
2.515539531250e+05 1.322378873825e+00
2.515537187500e+05 1.323940277100e+00
2.515534687500e+05 1.327935457230e+00
2.515532187500e+05 1.327637314796e+00
2.515529843750e+05 1.322934865952e+00
2.515527343750e+05 1.321950078011e+00
2.515524843750e+05 1.325978040695e+00
2.515522500000e+05 1.328731417656e+00
2.515520000000e+05 1.326918601990e+00
2.515517656250e+05 1.323427200317e+00
2.515515156250e+05 1.321993112564e+00
2.515512656250e+05 1.320386409760e+00
2.515510312500e+05 1.321501255035e+00
2.515507812500e+05 1.325365304947e+00
2.515505312500e+05 1.328751087189e+00
2.515502968750e+05 1.332280755043e+00
2.515500468750e+05 1.335415840149e+00
2.515498125000e+05 1.332907080650e+00
2.515495625000e+05 1.327970623970e+00
2.515493125000e+05 1.326055765152e+00
2.515490781250e+05 1.323616981506e+00
2.515488281250e+05 1.321775436401e+00
2.515485781250e+05 1.326468229294e+00
2.515483437500e+05 1.331685543060e+00
2.515480937500e+05 1.331907510757e+00
2.515478593750e+05 1.327476501465e+00
2.515476093750e+05 1.322405934334e+00
2.515473593750e+05 1.324235558510e+00
2.515471250000e+05 1.326869964600e+00
2.515468750000e+05 1.323176503181e+00
2.515466250000e+05 1.318776369095e+00
2.515463906250e+05 1.319742202759e+00
2.515461406250e+05 1.320664286613e+00
2.515459062500e+05 1.321346759796e+00
2.515456562500e+05 1.323252916336e+00
2.515454062500e+05 1.323573589325e+00
2.515451718750e+05 1.320700883865e+00
2.515449218750e+05 1.315625667572e+00
2.515446718750e+05 1.314652323723e+00
2.515444375000e+05 1.319874405861e+00
2.515441875000e+05 1.325496673584e+00
2.515439531250e+05 1.328611969948e+00
2.515437031250e+05 1.330663442612e+00
2.515434531250e+05 1.330579519272e+00
2.515432187500e+05 1.327604651451e+00
2.515429687500e+05 1.324748396873e+00
2.515427187500e+05 1.323804974556e+00
2.515424843750e+05 1.322659492493e+00
2.515422343750e+05 1.319901823997e+00
2.515420000000e+05 1.318776011467e+00
2.515417500000e+05 1.324140429497e+00
2.515415000000e+05 1.327511429787e+00
2.515412656250e+05 1.325291633606e+00
2.515410156250e+05 1.322311997414e+00
2.515407656250e+05 1.317579269409e+00
2.515405312500e+05 1.315703511238e+00
2.515402812500e+05 1.323424577713e+00
2.515400468750e+05 1.330622792244e+00
2.515397968750e+05 1.332674145699e+00
2.515395468750e+05 1.332088470459e+00
2.515393125000e+05 1.327880859375e+00
2.515390625000e+05 1.326249361038e+00
2.515388281250e+05 1.328725218773e+00
2.515385781250e+05 1.324651479721e+00
2.515383281250e+05 1.320663452148e+00
2.515380937500e+05 1.322196364403e+00
2.515378437500e+05 1.323222637177e+00
2.515375937500e+05 1.323193073273e+00
2.515373593750e+05 1.322324872017e+00
2.515371093750e+05 1.324524164200e+00
2.515368750000e+05 1.326449871063e+00
2.515366250000e+05 1.323658823967e+00
2.515363750000e+05 1.319738388062e+00
2.515361406250e+05 1.321269631386e+00
2.515358906250e+05 1.329013228416e+00
2.515356406250e+05 1.333489298820e+00
2.515354062500e+05 1.330047726631e+00
2.515351562500e+05 1.325881361961e+00
2.515349218750e+05 1.327056407928e+00
2.515346718750e+05 1.328752517700e+00
2.515344218750e+05 1.325191855431e+00
2.515341875000e+05 1.321819186211e+00
2.515339375000e+05 1.322307586670e+00
2.515336875000e+05 1.324394464493e+00
2.515334531250e+05 1.326325535774e+00
2.515332031250e+05 1.324059486389e+00
2.515329687500e+05 1.320014238358e+00
2.515327187500e+05 1.320920944214e+00
2.515324687500e+05 1.323843359947e+00
2.515322343750e+05 1.322845578194e+00
2.515319843750e+05 1.319216728210e+00
2.515317343750e+05 1.319917321205e+00
2.515315000000e+05 1.321086168289e+00
2.515312500000e+05 1.319754123688e+00
2.515310156250e+05 1.320351004601e+00
2.515307656250e+05 1.321480870247e+00
2.515305156250e+05 1.320928335190e+00
2.515302812500e+05 1.318286776543e+00
2.515300312500e+05 1.314886927605e+00
2.515297812500e+05 1.314909100533e+00
2.515295468750e+05 1.317764282227e+00
2.515292968750e+05 1.323525667191e+00
2.515290625000e+05 1.327058553696e+00
2.515288125000e+05 1.322029113770e+00
2.515285625000e+05 1.316045165062e+00
2.515283281250e+05 1.319504022598e+00
2.515280781250e+05 1.326647043228e+00
2.515278281250e+05 1.329195737839e+00
2.515275937500e+05 1.329980611801e+00
2.515273437500e+05 1.333095550537e+00
2.515271093750e+05 1.332754611969e+00
2.515268593750e+05 1.327947616577e+00
2.515266093750e+05 1.324669957161e+00
2.515263750000e+05 1.321255922318e+00
2.515261250000e+05 1.318070888519e+00
2.515258750000e+05 1.320782542229e+00
2.515256406250e+05 1.325932741165e+00
2.515253906250e+05 1.327957630157e+00
2.515251562500e+05 1.325630426407e+00
2.515249062500e+05 1.323242068291e+00
2.515246562500e+05 1.326076269150e+00
2.515244218750e+05 1.329128384590e+00
2.515241718750e+05 1.329355239868e+00
2.515239218750e+05 1.329197168350e+00
2.515236875000e+05 1.329815745354e+00
2.515234375000e+05 1.333101868629e+00
2.515232031250e+05 1.335663914680e+00
2.515229531250e+05 1.335705041885e+00
2.515227031250e+05 1.334373235703e+00
2.515224687500e+05 1.331761837006e+00
2.515222187500e+05 1.331385731697e+00
2.515219687500e+05 1.330689311028e+00
2.515217343750e+05 1.328138828278e+00
2.515214843750e+05 1.328317284584e+00
2.515212500000e+05 1.331001281738e+00
2.515210000000e+05 1.334526538849e+00
2.515207500000e+05 1.334834814072e+00
2.515205156250e+05 1.329938411713e+00
2.515202656250e+05 1.325049519539e+00
2.515200156250e+05 1.324458122253e+00
2.515197812500e+05 1.329141855240e+00
2.515195312500e+05 1.335808753967e+00
2.515192968750e+05 1.333770155907e+00
2.515190468750e+05 1.328325629234e+00
2.515187968750e+05 1.328770399094e+00
2.515185625000e+05 1.328275918961e+00
2.515183125000e+05 1.323562860489e+00
2.515180781250e+05 1.321514725685e+00
2.515178281250e+05 1.324769139290e+00
2.515175781250e+05 1.328922510147e+00
2.515173437500e+05 1.326624274254e+00
2.515170937500e+05 1.322100639343e+00
2.515168437500e+05 1.319422841072e+00
2.515166093750e+05 1.319769024849e+00
2.515163593750e+05 1.325765371323e+00
2.515161250000e+05 1.328447699547e+00
2.515158750000e+05 1.326383829117e+00
2.515156250000e+05 1.327635407448e+00
2.515153906250e+05 1.329476594925e+00
2.515151406250e+05 1.329179525375e+00
2.515148906250e+05 1.327885389328e+00
2.515146562500e+05 1.324549555779e+00
2.515144062500e+05 1.321444511414e+00
2.515141718750e+05 1.320584893227e+00
2.515139218750e+05 1.321924090385e+00
2.515136718750e+05 1.326704740524e+00
2.515134375000e+05 1.328959465027e+00
2.515131875000e+05 1.323769330978e+00
2.515129375000e+05 1.319733858109e+00
2.515127031250e+05 1.321530580521e+00
2.515124531250e+05 1.324400901794e+00
2.515122187500e+05 1.326761364937e+00
2.515119687500e+05 1.327751159668e+00
2.515117187500e+05 1.325323820114e+00
2.515114843750e+05 1.321995019913e+00
2.515112343750e+05 1.320662617683e+00
2.515109843750e+05 1.322260975838e+00
2.515107500000e+05 1.323530673981e+00
2.515105000000e+05 1.324113845825e+00
2.515102656250e+05 1.324942708015e+00
2.515100156250e+05 1.324294567108e+00
2.515097656250e+05 1.321657180786e+00
2.515095312500e+05 1.317557454109e+00
2.515092812500e+05 1.313961267471e+00
2.515090312500e+05 1.314994335175e+00
2.515087968750e+05 1.322612643242e+00
2.515085468750e+05 1.330070018768e+00
2.515083125000e+05 1.328356027603e+00
2.515080625000e+05 1.322319746017e+00
2.515078125000e+05 1.320138335228e+00
2.515075781250e+05 1.323413252831e+00
2.515073281250e+05 1.324219584465e+00
2.515070781250e+05 1.322800159454e+00
2.515068437500e+05 1.318329095840e+00
2.515065937500e+05 1.315120339394e+00
2.515063593750e+05 1.322144031525e+00
2.515061093750e+05 1.334993124008e+00
2.515058593750e+05 1.335472822189e+00
2.515056250000e+05 1.322162985802e+00
2.515053750000e+05 1.316602706909e+00
2.515051250000e+05 1.322112560272e+00
2.515048906250e+05 1.325163125992e+00
2.515046406250e+05 1.324413418770e+00
2.515044062500e+05 1.323565602303e+00
2.515041562500e+05 1.323011875153e+00
2.515039062500e+05 1.322442889214e+00
2.515036718750e+05 1.323640227318e+00
2.515034218750e+05 1.326892256737e+00
2.515031718750e+05 1.331709146500e+00
2.515029375000e+05 1.336094498634e+00
2.515026875000e+05 1.338122487068e+00
2.515024531250e+05 1.337963223457e+00
2.515022031250e+05 1.339077711105e+00
2.515019531250e+05 1.350884079933e+00
2.515017187500e+05 1.370890855789e+00
2.515014687500e+05 1.383139133453e+00
2.515012187500e+05 1.375625967979e+00
2.515009843750e+05 1.356207251549e+00
2.515007343750e+05 1.339773416519e+00
2.515005000000e+05 1.332113862038e+00
2.515002500000e+05 1.329177260399e+00
2.515000000000e+05 1.327331900597e+00
2.514997656250e+05 1.326071262360e+00
2.514995156250e+05 1.326056480408e+00
2.514992656250e+05 1.329846143723e+00
2.514990312500e+05 1.335521578789e+00
2.514987812500e+05 1.332594394684e+00
2.514985468750e+05 1.325563073158e+00
2.514982968750e+05 1.321308255196e+00
2.514980468750e+05 1.321789145470e+00
2.514978125000e+05 1.325115203857e+00
2.514975625000e+05 1.326215147972e+00
2.514973281250e+05 1.323767185211e+00
2.514970781250e+05 1.319085597992e+00
2.514968281250e+05 1.315467715263e+00
2.514965937500e+05 1.316965818405e+00
2.514963437500e+05 1.317585349083e+00
2.514960937500e+05 1.313066959381e+00
2.514958593750e+05 1.313273429871e+00
2.514956093750e+05 1.319349646568e+00
2.514953750000e+05 1.321254611015e+00
2.514951250000e+05 1.319284200668e+00
2.514948750000e+05 1.318572163582e+00
2.514946406250e+05 1.320494294167e+00
2.514943906250e+05 1.322765231133e+00
2.514941406250e+05 1.323257684708e+00
2.514939062500e+05 1.321869969368e+00
2.514936562500e+05 1.320305705070e+00
2.514934218750e+05 1.320252895355e+00
2.514931718750e+05 1.322625994682e+00
2.514929218750e+05 1.321724891663e+00
2.514926875000e+05 1.319984078407e+00
2.514924375000e+05 1.319162249565e+00
2.514921875000e+05 1.321336746216e+00
2.514919531250e+05 1.324843645096e+00
2.514917031250e+05 1.326775074005e+00
2.514914687500e+05 1.325637102127e+00
2.514912187500e+05 1.322311758995e+00
2.514909687500e+05 1.318189859390e+00
2.514907343750e+05 1.314987659454e+00
2.514904843750e+05 1.315967440605e+00
2.514902343750e+05 1.318245172501e+00
2.514900000000e+05 1.320480346680e+00
2.514897500000e+05 1.320166230202e+00
2.514895156250e+05 1.318676948547e+00
2.514892656250e+05 1.317349791527e+00
2.514890156250e+05 1.317983865738e+00
2.514887812500e+05 1.323148846626e+00
2.514885312500e+05 1.329645395279e+00
2.514882812500e+05 1.331244230270e+00
2.514880468750e+05 1.328774452209e+00
2.514877968750e+05 1.324628829956e+00
2.514875625000e+05 1.319872617722e+00
2.514873125000e+05 1.320207476616e+00
2.514870625000e+05 1.322655320168e+00
2.514868281250e+05 1.322714447975e+00
2.514865781250e+05 1.321893930435e+00
2.514863281250e+05 1.319709897041e+00
2.514860937500e+05 1.319733500481e+00
2.514858437500e+05 1.319353818893e+00
2.514856093750e+05 1.318691134453e+00
2.514853593750e+05 1.316836237907e+00
2.514851093750e+05 1.315173268318e+00
2.514848750000e+05 1.317454814911e+00
2.514846250000e+05 1.319407820702e+00
2.514843750000e+05 1.318119645119e+00
2.514841406250e+05 1.317219138145e+00
2.514838906250e+05 1.319862246513e+00
2.514836562500e+05 1.324918270111e+00
2.514834062500e+05 1.325111865997e+00
2.514831562500e+05 1.320632815361e+00
2.514829218750e+05 1.318374991417e+00
2.514826718750e+05 1.319240331650e+00
2.514824218750e+05 1.319204092026e+00
2.514821875000e+05 1.320443391800e+00
2.514819375000e+05 1.321853041649e+00
2.514817031250e+05 1.321018457413e+00
2.514814531250e+05 1.320493340492e+00
2.514812031250e+05 1.320310115814e+00
2.514809687500e+05 1.319273471832e+00
2.514807187500e+05 1.320009827614e+00
2.514804687500e+05 1.323125123978e+00
2.514802343750e+05 1.324624419212e+00
2.514799843750e+05 1.324039936066e+00
2.514797500000e+05 1.325685977936e+00
2.514795000000e+05 1.326500535011e+00
2.514792500000e+05 1.321676492691e+00
2.514790156250e+05 1.319307327271e+00
2.514787656250e+05 1.325173616409e+00
2.514785156250e+05 1.329802513123e+00
2.514782812500e+05 1.328840851784e+00
2.514780312500e+05 1.325982213020e+00
2.514777968750e+05 1.323529958725e+00
2.514775468750e+05 1.325808048248e+00
2.514772968750e+05 1.326534271240e+00
2.514770625000e+05 1.323413848877e+00
2.514768125000e+05 1.317261934280e+00
2.514765781250e+05 1.313441276550e+00
2.514763281250e+05 1.315465092659e+00
2.514760781250e+05 1.317700028419e+00
2.514758437500e+05 1.318202972412e+00
2.514755937500e+05 1.321452975273e+00
2.514753437500e+05 1.326902031898e+00
2.514751093750e+05 1.325442075729e+00
2.514748593750e+05 1.317874073982e+00
2.514746250000e+05 1.317267537117e+00
2.514743750000e+05 1.325089931488e+00
2.514741250000e+05 1.328703403473e+00
2.514738906250e+05 1.326166987419e+00
2.514736406250e+05 1.326025366783e+00
2.514733906250e+05 1.325360059738e+00
2.514731562500e+05 1.322266817093e+00
2.514729062500e+05 1.320565223694e+00
2.514726718750e+05 1.322049617767e+00
2.514724218750e+05 1.323708653450e+00
2.514721718750e+05 1.320110201836e+00
2.514719375000e+05 1.318364739418e+00
2.514716875000e+05 1.320802927017e+00
2.514714375000e+05 1.318390369415e+00
2.514712031250e+05 1.314944982529e+00
2.514709531250e+05 1.315383195877e+00
2.514707187500e+05 1.316906809807e+00
2.514704687500e+05 1.321141362190e+00
2.514702187500e+05 1.326824545860e+00
2.514699843750e+05 1.327566266060e+00
2.514697343750e+05 1.324865221977e+00
2.514694843750e+05 1.322364330292e+00
2.514692500000e+05 1.320245623589e+00
2.514690000000e+05 1.318780303001e+00
2.514687656250e+05 1.320334792137e+00
2.514685156250e+05 1.325848579407e+00
2.514682656250e+05 1.330850124359e+00
2.514680312500e+05 1.328034162521e+00
2.514677812500e+05 1.321149349213e+00
2.514675312500e+05 1.320055961609e+00
2.514672968750e+05 1.323383331299e+00
2.514670468750e+05 1.323965311050e+00
2.514668125000e+05 1.321699380875e+00
2.514665625000e+05 1.322180628777e+00
2.514663125000e+05 1.325814843178e+00
2.514660781250e+05 1.326031088829e+00
2.514658281250e+05 1.321619629860e+00
2.514655781250e+05 1.318261384964e+00
2.514653437500e+05 1.317978382111e+00
2.514650937500e+05 1.319362401962e+00
2.514648593750e+05 1.321201086044e+00
2.514646093750e+05 1.320167660713e+00
2.514643593750e+05 1.321062564850e+00
2.514641250000e+05 1.325044631958e+00
2.514638750000e+05 1.325119853020e+00
2.514636250000e+05 1.320457816124e+00
2.514633906250e+05 1.317203044891e+00
2.514631406250e+05 1.319061160088e+00
2.514629062500e+05 1.324906826019e+00
2.514626562500e+05 1.328468680382e+00
2.514624062500e+05 1.326217770576e+00
2.514621718750e+05 1.320835351944e+00
2.514619218750e+05 1.316918373108e+00
2.514616718750e+05 1.315476894379e+00
2.514614375000e+05 1.315613746643e+00
2.514611875000e+05 1.317412018776e+00
2.514609531250e+05 1.317758440971e+00
2.514607031250e+05 1.319620609283e+00
2.514604531250e+05 1.321800708771e+00
2.514602187500e+05 1.321493864059e+00
2.514599687500e+05 1.323914527893e+00
2.514597187500e+05 1.329335689545e+00
2.514594843750e+05 1.332782268524e+00
2.514592343750e+05 1.332895159721e+00
2.514590000000e+05 1.328070163727e+00
2.514587500000e+05 1.321886420250e+00
2.514585000000e+05 1.321019768715e+00
2.514582656250e+05 1.323927521706e+00
2.514580156250e+05 1.324517250061e+00
2.514577656250e+05 1.321792125702e+00
2.514575312500e+05 1.317853927612e+00
2.514572812500e+05 1.316905379295e+00
2.514570468750e+05 1.320817232132e+00
2.514567968750e+05 1.325742125511e+00
2.514565468750e+05 1.327005624771e+00
2.514563125000e+05 1.324339389801e+00
2.514560625000e+05 1.323580861092e+00
2.514558281250e+05 1.327189326286e+00
2.514555781250e+05 1.329743862152e+00
2.514553281250e+05 1.329916000366e+00
2.514550937500e+05 1.331494092941e+00
2.514548437500e+05 1.331336736679e+00
2.514545937500e+05 1.328098297119e+00
2.514543593750e+05 1.325230240822e+00
2.514541093750e+05 1.321375131607e+00
2.514538750000e+05 1.321631073952e+00
2.514536250000e+05 1.326698303223e+00
2.514533750000e+05 1.324310421944e+00
2.514531406250e+05 1.318473815918e+00
2.514528906250e+05 1.315751671791e+00
2.514526406250e+05 1.317624807358e+00
2.514524062500e+05 1.321275234222e+00
2.514521562500e+05 1.326847672462e+00
2.514519218750e+05 1.332094073296e+00
2.514516718750e+05 1.330926775932e+00
2.514514218750e+05 1.324740529060e+00
2.514511875000e+05 1.321955919266e+00
2.514509375000e+05 1.322657585144e+00
2.514506875000e+05 1.324562907219e+00
2.514504531250e+05 1.324553728104e+00
2.514502031250e+05 1.320353627205e+00
2.514499687500e+05 1.319316625595e+00
2.514497187500e+05 1.319617033005e+00
2.514494687500e+05 1.316941022873e+00
2.514492343750e+05 1.316959023476e+00
2.514489843750e+05 1.319293260574e+00
2.514487343750e+05 1.319993972778e+00
2.514485000000e+05 1.319799065590e+00
2.514482500000e+05 1.321722149849e+00
2.514480156250e+05 1.324118614197e+00
2.514477656250e+05 1.325040817261e+00
2.514475156250e+05 1.326243400574e+00
2.514472812500e+05 1.325654506683e+00
2.514470312500e+05 1.322545170784e+00
2.514467812500e+05 1.322970509529e+00
2.514465468750e+05 1.321640729904e+00
2.514462968750e+05 1.318681478500e+00
2.514460625000e+05 1.319580316544e+00
2.514458125000e+05 1.321569323540e+00
2.514455625000e+05 1.320255398750e+00
2.514453281250e+05 1.319220066071e+00
2.514450781250e+05 1.322070837021e+00
2.514448281250e+05 1.326848268509e+00
2.514445937500e+05 1.326697945595e+00
2.514443437500e+05 1.323526144028e+00
2.514441093750e+05 1.321568250656e+00
2.514438593750e+05 1.323569893837e+00
2.514436093750e+05 1.329713344574e+00
2.514433750000e+05 1.333989739418e+00
2.514431250000e+05 1.330247879028e+00
2.514428750000e+05 1.324570059776e+00
2.514426406250e+05 1.321256041527e+00
2.514423906250e+05 1.320149421692e+00
2.514421562500e+05 1.319487810135e+00
2.514419062500e+05 1.317923069000e+00
2.514416562500e+05 1.318683028221e+00
2.514414218750e+05 1.321866869926e+00
2.514411718750e+05 1.323677420616e+00
2.514409218750e+05 1.324150204659e+00
2.514406875000e+05 1.321535348892e+00
2.514404375000e+05 1.320066928864e+00
2.514402031250e+05 1.323573946953e+00
2.514399531250e+05 1.327119708061e+00
2.514397031250e+05 1.327803254128e+00
2.514394687500e+05 1.322947263718e+00
2.514392187500e+05 1.316410303116e+00
2.514389687500e+05 1.316412448883e+00
2.514387343750e+05 1.321137189865e+00
2.514384843750e+05 1.322943210602e+00
2.514382500000e+05 1.320083141327e+00
2.514380000000e+05 1.320029377937e+00
2.514377500000e+05 1.323283314705e+00
2.514375156250e+05 1.322441577911e+00
2.514372656250e+05 1.319030642509e+00
2.514370156250e+05 1.318759441376e+00
2.514367812500e+05 1.321917414665e+00
2.514365312500e+05 1.327078104019e+00
2.514362968750e+05 1.330724835396e+00
2.514360468750e+05 1.331032872200e+00
2.514357968750e+05 1.325394034386e+00
2.514355625000e+05 1.317652225494e+00
2.514353125000e+05 1.315404415131e+00
2.514350781250e+05 1.316565990448e+00
2.514348281250e+05 1.315869331360e+00
2.514345781250e+05 1.312768220901e+00
2.514343437500e+05 1.311482667923e+00
2.514340937500e+05 1.314997076988e+00
2.514338437500e+05 1.319721102715e+00
2.514336093750e+05 1.322640061378e+00
2.514333593750e+05 1.322064399719e+00
2.514331250000e+05 1.318050503731e+00
2.514328750000e+05 1.316007733345e+00
2.514326250000e+05 1.316636443138e+00
2.514323906250e+05 1.319270133972e+00
2.514321406250e+05 1.323180079460e+00
2.514318906250e+05 1.322952032089e+00
2.514316562500e+05 1.320463418961e+00
2.514314062500e+05 1.319620132446e+00
2.514311718750e+05 1.318333745003e+00
2.514309218750e+05 1.316557407379e+00
2.514306718750e+05 1.317406058311e+00
2.514304375000e+05 1.316064715385e+00
2.514301875000e+05 1.313632369041e+00
2.514299375000e+05 1.316490292549e+00
2.514297031250e+05 1.321316242218e+00
2.514294531250e+05 1.323143839836e+00
2.514292187500e+05 1.321512103081e+00
2.514289687500e+05 1.319197535515e+00
2.514287187500e+05 1.319357752800e+00
2.514284843750e+05 1.317498803139e+00
2.514282343750e+05 1.318134069443e+00
2.514279843750e+05 1.321692347527e+00
2.514277500000e+05 1.322671294212e+00
2.514275000000e+05 1.321350216866e+00
2.514272656250e+05 1.320719122887e+00
2.514270156250e+05 1.322290301323e+00
2.514267656250e+05 1.321366429329e+00
2.514265312500e+05 1.319737195969e+00
2.514262812500e+05 1.320800662041e+00
2.514260312500e+05 1.324437260628e+00
2.514257968750e+05 1.326145648956e+00
2.514255468750e+05 1.323390483856e+00
2.514253125000e+05 1.321953177452e+00
2.514250625000e+05 1.324569702148e+00
2.514248125000e+05 1.325895309448e+00
2.514245781250e+05 1.329993128777e+00
2.514243281250e+05 1.332335472107e+00
2.514240781250e+05 1.329441189766e+00
2.514238437500e+05 1.327349662781e+00
2.514235937500e+05 1.327442288399e+00
2.514233593750e+05 1.329836010933e+00
2.514231093750e+05 1.330466032028e+00
2.514228593750e+05 1.329438209534e+00
2.514226250000e+05 1.329922914505e+00
2.514223750000e+05 1.327973365784e+00
2.514221250000e+05 1.325871229172e+00
2.514218906250e+05 1.328490018845e+00
2.514216406250e+05 1.331659317017e+00
2.514214062500e+05 1.330517411232e+00
2.514211562500e+05 1.329289674759e+00
2.514209062500e+05 1.329382896423e+00
2.514206718750e+05 1.327105641365e+00
2.514204218750e+05 1.323960661888e+00
2.514201718750e+05 1.327478051186e+00
2.514199375000e+05 1.331348061562e+00
2.514196875000e+05 1.329420566559e+00
2.514194531250e+05 1.324274182320e+00
2.514192031250e+05 1.321995139122e+00
2.514189531250e+05 1.325353622437e+00
2.514187187500e+05 1.327675104141e+00
2.514184687500e+05 1.327273011208e+00
2.514182187500e+05 1.323443293571e+00
2.514179843750e+05 1.318753838539e+00
2.514177343750e+05 1.318577885628e+00
2.514175000000e+05 1.321381330490e+00
2.514172500000e+05 1.322235703468e+00
2.514170000000e+05 1.318228960037e+00
2.514167656250e+05 1.314363241196e+00
2.514165156250e+05 1.315231084824e+00
2.514162656250e+05 1.318684101105e+00
2.514160312500e+05 1.319553494453e+00
2.514157812500e+05 1.319269299507e+00
2.514155468750e+05 1.323105216026e+00
2.514152968750e+05 1.326185822487e+00
2.514150468750e+05 1.321214079857e+00
2.514148125000e+05 1.315187335014e+00
2.514145625000e+05 1.315793275833e+00
2.514143281250e+05 1.319498300552e+00
2.514140781250e+05 1.317865252495e+00
2.514138281250e+05 1.314405798912e+00
2.514135937500e+05 1.316914796829e+00
2.514133437500e+05 1.321577787399e+00
2.514130937500e+05 1.326698541641e+00
2.514128593750e+05 1.329061508179e+00
2.514126093750e+05 1.324840188026e+00
2.514123750000e+05 1.320337653160e+00
2.514121250000e+05 1.316618680954e+00
2.514118750000e+05 1.310852766037e+00
2.514116406250e+05 1.311237931252e+00
2.514113906250e+05 1.320338845253e+00
2.514111406250e+05 1.325719714165e+00
2.514109062500e+05 1.324028849602e+00
2.514106562500e+05 1.322189807892e+00
2.514104218750e+05 1.320696234703e+00
2.514101718750e+05 1.314942359924e+00
2.514099218750e+05 1.312971472740e+00
2.514096875000e+05 1.319436550140e+00
2.514094375000e+05 1.322446346283e+00
2.514091875000e+05 1.320322036743e+00
2.514089531250e+05 1.319361448288e+00
2.514087031250e+05 1.321905016899e+00
2.514084687500e+05 1.327705264091e+00
2.514082187500e+05 1.329182744026e+00
2.514079687500e+05 1.324377655983e+00
2.514077343750e+05 1.322812080383e+00
2.514074843750e+05 1.326406240463e+00
2.514072343750e+05 1.325793147087e+00
2.514070000000e+05 1.323472619057e+00
2.514067500000e+05 1.327882647514e+00
2.514065156250e+05 1.328154087067e+00
2.514062656250e+05 1.324589371681e+00
2.514060156250e+05 1.324974298477e+00
2.514057812500e+05 1.322763442993e+00
2.514055312500e+05 1.318716049194e+00
2.514052812500e+05 1.320947289467e+00
2.514050468750e+05 1.325317621231e+00
2.514047968750e+05 1.325748920441e+00
2.514045625000e+05 1.326222419739e+00
2.514043125000e+05 1.325659990311e+00
2.514040625000e+05 1.321506738663e+00
2.514038281250e+05 1.320027232170e+00
2.514035781250e+05 1.319096922874e+00
2.514033281250e+05 1.316900730133e+00
2.514030937500e+05 1.320876002312e+00
2.514028437500e+05 1.326284885406e+00
2.514026093750e+05 1.329125881195e+00
2.514023593750e+05 1.328728318214e+00
2.514021093750e+05 1.325846076012e+00
2.514018750000e+05 1.323161840439e+00
2.514016250000e+05 1.324289441109e+00
2.514013750000e+05 1.321749567986e+00
2.514011406250e+05 1.319915294647e+00
2.514008906250e+05 1.322126030922e+00
2.514006562500e+05 1.322601556778e+00
2.514004062500e+05 1.323189139366e+00
2.514001562500e+05 1.322788596153e+00
2.513999218750e+05 1.320344567299e+00
2.513996718750e+05 1.318860054016e+00
2.513994218750e+05 1.320307016373e+00
2.513991875000e+05 1.319770574570e+00
2.513989375000e+05 1.320751309395e+00
2.513987031250e+05 1.323320508003e+00
2.513984531250e+05 1.323983907700e+00
2.513982031250e+05 1.325426340103e+00
2.513979687500e+05 1.322996735573e+00
2.513977187500e+05 1.319442152977e+00
2.513974687500e+05 1.321541428566e+00
2.513972343750e+05 1.321734547615e+00
2.513969843750e+05 1.319793939590e+00
2.513967500000e+05 1.321231603622e+00
2.513965000000e+05 1.322915077209e+00
2.513962500000e+05 1.319119811058e+00
2.513960156250e+05 1.314580440521e+00
2.513957656250e+05 1.315060257912e+00
2.513955312500e+05 1.318457722664e+00
2.513952812500e+05 1.319084763527e+00
2.513950312500e+05 1.317358851433e+00
2.513947968750e+05 1.318841814995e+00
2.513945468750e+05 1.319238305092e+00
2.513942968750e+05 1.318297624588e+00
2.513940625000e+05 1.317599058151e+00
2.513938125000e+05 1.318264126778e+00
2.513935781250e+05 1.319048881531e+00
2.513933281250e+05 1.316028952599e+00
2.513930781250e+05 1.316161751747e+00
2.513928437500e+05 1.322222948074e+00
2.513925937500e+05 1.321780443192e+00
2.513923437500e+05 1.316612482071e+00
2.513921093750e+05 1.314668655396e+00
2.513918593750e+05 1.315959215164e+00
2.513916250000e+05 1.319943666458e+00
2.513913750000e+05 1.321130871773e+00
2.513911250000e+05 1.318787455559e+00
2.513908906250e+05 1.316947817802e+00
2.513906406250e+05 1.317984700203e+00
2.513903906250e+05 1.321430563927e+00
2.513901562500e+05 1.319742679596e+00
2.513899062500e+05 1.315003275871e+00
2.513896718750e+05 1.314647674561e+00
2.513894218750e+05 1.316103458405e+00
2.513891718750e+05 1.317222118378e+00
2.513889375000e+05 1.317482948303e+00
2.513886875000e+05 1.320287585258e+00
2.513884375000e+05 1.323438167572e+00
2.513882031250e+05 1.323369622231e+00
2.513879531250e+05 1.319031715393e+00
2.513877187500e+05 1.314130544662e+00
2.513874687500e+05 1.314937114716e+00
2.513872187500e+05 1.314943432808e+00
2.513869843750e+05 1.313043236732e+00
2.513867343750e+05 1.317756056786e+00
2.513864843750e+05 1.322551608086e+00
2.513862500000e+05 1.320738196373e+00
2.513860000000e+05 1.320684671402e+00
2.513857656250e+05 1.319325566292e+00
2.513855156250e+05 1.313139915466e+00
2.513852656250e+05 1.311920523643e+00
2.513850312500e+05 1.316965222359e+00
2.513847812500e+05 1.321371078491e+00
2.513845312500e+05 1.319696187973e+00
2.513842968750e+05 1.316748976707e+00
2.513840468750e+05 1.316979289055e+00
2.513838125000e+05 1.316701412201e+00
2.513835625000e+05 1.313403129578e+00
2.513833125000e+05 1.311950445175e+00
2.513830781250e+05 1.314065456390e+00
2.513828281250e+05 1.314643263817e+00
2.513825781250e+05 1.312644362450e+00
2.513823437500e+05 1.311222553253e+00
2.513820937500e+05 1.312164068222e+00
2.513818593750e+05 1.316240429878e+00
2.513816093750e+05 1.320300817490e+00
2.513813593750e+05 1.321555733681e+00
2.513811250000e+05 1.321221828461e+00
2.513808750000e+05 1.319662690163e+00
2.513806250000e+05 1.320845127106e+00
2.513803906250e+05 1.327326655388e+00
2.513801406250e+05 1.331452727318e+00
2.513799062500e+05 1.331131458282e+00
2.513796562500e+05 1.329770445824e+00
2.513794062500e+05 1.325488448143e+00
2.513791718750e+05 1.324201941490e+00
2.513789218750e+05 1.326394915581e+00
2.513786718750e+05 1.326960802078e+00
2.513784375000e+05 1.324051737785e+00
2.513781875000e+05 1.322321534157e+00
2.513779531250e+05 1.321176886559e+00
2.513777031250e+05 1.318526864052e+00
2.513774531250e+05 1.316079497337e+00
2.513772187500e+05 1.316613554955e+00
2.513769687500e+05 1.321959972382e+00
2.513767187500e+05 1.325075864792e+00
2.513764843750e+05 1.319937705994e+00
2.513762343750e+05 1.318104982376e+00
2.513760000000e+05 1.319363355637e+00
2.513757500000e+05 1.321389913559e+00
2.513755000000e+05 1.324609041214e+00
2.513752656250e+05 1.324940085411e+00
2.513750156250e+05 1.327980041504e+00
2.513747812500e+05 1.330094218254e+00
2.513745312500e+05 1.323537945747e+00
2.513742812500e+05 1.318594336510e+00
2.513740468750e+05 1.319189548492e+00
2.513737968750e+05 1.318280458450e+00
2.513735468750e+05 1.321099519730e+00
2.513733125000e+05 1.325464963913e+00
2.513730625000e+05 1.323574304581e+00
2.513728281250e+05 1.320791363716e+00
2.513725781250e+05 1.322334051132e+00
2.513723281250e+05 1.325101971626e+00
2.513720937500e+05 1.325301408768e+00
2.513718437500e+05 1.323434114456e+00
2.513715937500e+05 1.322541356087e+00
2.513713593750e+05 1.322172403336e+00
2.513711093750e+05 1.320027589798e+00
2.513708750000e+05 1.317899465561e+00
2.513706250000e+05 1.317930102348e+00
2.513703750000e+05 1.317341685295e+00
2.513701406250e+05 1.320197701454e+00
2.513698906250e+05 1.323760271072e+00
2.513696406250e+05 1.323767781258e+00
2.513694062500e+05 1.321949839592e+00
2.513691562500e+05 1.319565176964e+00
2.513689218750e+05 1.317708849907e+00
2.513686718750e+05 1.318597078323e+00
2.513684218750e+05 1.319606304169e+00
2.513681875000e+05 1.318991422653e+00
2.513679375000e+05 1.321261286736e+00
2.513676875000e+05 1.324663639069e+00
2.513674531250e+05 1.323207378387e+00
2.513672031250e+05 1.318430185318e+00
2.513669687500e+05 1.316764593124e+00
2.513667187500e+05 1.318562030792e+00
2.513664687500e+05 1.320141077042e+00
2.513662343750e+05 1.321826577187e+00
2.513659843750e+05 1.324616193771e+00
2.513657343750e+05 1.324703931808e+00
2.513655000000e+05 1.322174549103e+00
2.513652500000e+05 1.321743130684e+00
2.513650156250e+05 1.320345282555e+00
2.513647656250e+05 1.318443417549e+00
2.513645156250e+05 1.319018840790e+00
2.513642812500e+05 1.320086121559e+00
2.513640312500e+05 1.321577072144e+00
2.513637812500e+05 1.321478486061e+00
2.513635468750e+05 1.319695591927e+00
2.513632968750e+05 1.319993615150e+00
2.513630625000e+05 1.321976661682e+00
2.513628125000e+05 1.321647286415e+00
2.513625625000e+05 1.319003701210e+00
2.513623281250e+05 1.317333221436e+00
2.513620781250e+05 1.315630435944e+00
2.513618281250e+05 1.316752791405e+00
2.513615937500e+05 1.318223953247e+00
2.513613437500e+05 1.318983078003e+00
2.513611093750e+05 1.319948554039e+00
2.513608593750e+05 1.320714473724e+00
2.513606093750e+05 1.324148774147e+00
2.513603750000e+05 1.328010082245e+00
2.513601250000e+05 1.331166267395e+00
2.513598750000e+05 1.333821892738e+00
2.513596406250e+05 1.332263112068e+00
2.513593906250e+05 1.327638387680e+00
2.513591562500e+05 1.322348356247e+00
2.513589062500e+05 1.322320103645e+00
2.513586562500e+05 1.325948596001e+00
2.513584218750e+05 1.324500918388e+00
2.513581718750e+05 1.319796085358e+00
2.513579218750e+05 1.319397330284e+00
2.513576875000e+05 1.321189403534e+00
2.513574375000e+05 1.320974469185e+00
2.513572031250e+05 1.320081114769e+00
2.513569531250e+05 1.321142673492e+00
2.513567031250e+05 1.320813775063e+00
2.513564687500e+05 1.317635774612e+00
2.513562187500e+05 1.313654303551e+00
2.513559687500e+05 1.314009189606e+00
2.513557343750e+05 1.318465352058e+00
2.513554843750e+05 1.322949886322e+00
2.513552500000e+05 1.323799967766e+00
2.513550000000e+05 1.321779131889e+00
2.513547500000e+05 1.322768688202e+00
2.513545156250e+05 1.325327754021e+00
2.513542656250e+05 1.325448036194e+00
2.513540312500e+05 1.323698163033e+00
2.513537812500e+05 1.323024034500e+00
2.513535312500e+05 1.321368694305e+00
2.513532968750e+05 1.317797660828e+00
2.513530468750e+05 1.313641309738e+00
2.513527968750e+05 1.311607718468e+00
2.513525625000e+05 1.313277244568e+00
2.513523125000e+05 1.316576838493e+00
2.513520781250e+05 1.321886777878e+00
2.513518281250e+05 1.326769113541e+00
2.513515781250e+05 1.325835108757e+00
2.513513437500e+05 1.321754932404e+00
2.513510937500e+05 1.323935985565e+00
2.513508437500e+05 1.326716661453e+00
2.513506093750e+05 1.324271440506e+00
2.513503593750e+05 1.324245929718e+00
2.513501250000e+05 1.326411366463e+00
2.513498750000e+05 1.326777815819e+00
2.513496250000e+05 1.326069474220e+00
2.513493906250e+05 1.325227975845e+00
2.513491406250e+05 1.324631452560e+00
2.513488906250e+05 1.324983716011e+00
2.513486562500e+05 1.322460293770e+00
2.513484062500e+05 1.322109699249e+00
2.513481718750e+05 1.328181385994e+00
2.513479218750e+05 1.331454873085e+00
2.513476718750e+05 1.328733682632e+00
2.513474375000e+05 1.328882694244e+00
2.513471875000e+05 1.327492952347e+00
2.513469375000e+05 1.321053147316e+00
2.513467031250e+05 1.316230535507e+00
2.513464531250e+05 1.315168738365e+00
2.513462187500e+05 1.319149017334e+00
2.513459687500e+05 1.325613498688e+00
2.513457187500e+05 1.327161431313e+00
2.513454843750e+05 1.322450518608e+00
2.513452343750e+05 1.318042278290e+00
2.513449843750e+05 1.317824602127e+00
2.513447500000e+05 1.318086266518e+00
2.513445000000e+05 1.315274238586e+00
2.513442656250e+05 1.313748002052e+00
2.513440156250e+05 1.316433429718e+00
2.513437656250e+05 1.317362308502e+00
2.513435312500e+05 1.315619468689e+00
2.513432812500e+05 1.314460277557e+00
2.513430312500e+05 1.317153453827e+00
2.513427968750e+05 1.319748163223e+00
2.513425468750e+05 1.321679592133e+00
2.513423125000e+05 1.323950767517e+00
2.513420625000e+05 1.327535033226e+00
2.513418125000e+05 1.329414129257e+00
2.513415781250e+05 1.325436830521e+00
2.513413281250e+05 1.319397330284e+00
2.513410781250e+05 1.317182660103e+00
2.513408437500e+05 1.315376400948e+00
2.513405937500e+05 1.312812566757e+00
2.513403593750e+05 1.315532922745e+00
2.513401093750e+05 1.323229789734e+00
2.513398593750e+05 1.328304648399e+00
2.513396250000e+05 1.329987168312e+00
2.513393750000e+05 1.327139139175e+00
2.513391250000e+05 1.319889545441e+00
2.513388906250e+05 1.312558770180e+00
2.513386406250e+05 1.310837030411e+00
2.513384062500e+05 1.313827633858e+00
2.513381562500e+05 1.318395495415e+00
2.513379062500e+05 1.320709943771e+00
2.513376718750e+05 1.320153474808e+00
2.513374218750e+05 1.320610165596e+00
2.513371718750e+05 1.322419404984e+00
2.513369375000e+05 1.321651577950e+00
2.513366875000e+05 1.324726700783e+00
2.513364531250e+05 1.332295060158e+00
2.513362031250e+05 1.331687331200e+00
2.513359531250e+05 1.326893687248e+00
2.513357187500e+05 1.325824379921e+00
2.513354687500e+05 1.325910091400e+00
2.513352187500e+05 1.324334263802e+00
2.513349843750e+05 1.321717858315e+00
2.513347343750e+05 1.320352435112e+00
2.513345000000e+05 1.321037888527e+00
2.513342500000e+05 1.322869896889e+00
2.513340000000e+05 1.326145291328e+00
2.513337656250e+05 1.328420400620e+00
2.513335156250e+05 1.327334523201e+00
2.513332812500e+05 1.324733257294e+00
2.513330312500e+05 1.324227571487e+00
2.513327812500e+05 1.325082421303e+00
2.513325468750e+05 1.323149323463e+00
2.513322968750e+05 1.323212623596e+00
2.513320468750e+05 1.328215241432e+00
2.513318125000e+05 1.327329874039e+00
2.513315625000e+05 1.326076507568e+00
2.513313281250e+05 1.325223088264e+00
2.513310781250e+05 1.319492101669e+00
2.513308281250e+05 1.313546061516e+00
2.513305937500e+05 1.316030979156e+00
2.513303437500e+05 1.320046901703e+00
2.513300937500e+05 1.319334268570e+00
2.513298593750e+05 1.316720843315e+00
2.513296093750e+05 1.316891312599e+00
2.513293750000e+05 1.319616675377e+00
2.513291250000e+05 1.320793509483e+00
2.513288750000e+05 1.322916150093e+00
2.513286406250e+05 1.323275566101e+00
2.513283906250e+05 1.318156719208e+00
2.513281406250e+05 1.316120386124e+00
2.513279062500e+05 1.321828246117e+00
2.513276562500e+05 1.326082348824e+00
2.513274218750e+05 1.325270891190e+00
2.513271718750e+05 1.324061751366e+00
2.513269218750e+05 1.324104070663e+00
2.513266875000e+05 1.326238512993e+00
2.513264375000e+05 1.326468467712e+00
2.513261875000e+05 1.321151018143e+00
2.513259531250e+05 1.318531990051e+00
2.513257031250e+05 1.322109103203e+00
2.513254687500e+05 1.323773384094e+00
2.513252187500e+05 1.323429465294e+00
2.513249687500e+05 1.321751713753e+00
2.513247343750e+05 1.321647524834e+00
2.513244843750e+05 1.323810100555e+00
2.513242343750e+05 1.327171683311e+00
2.513240000000e+05 1.327543735504e+00
2.513237500000e+05 1.322870612144e+00
2.513235156250e+05 1.319329619408e+00
2.513232656250e+05 1.318716526031e+00
2.513230156250e+05 1.320602416992e+00
2.513227812500e+05 1.324210762978e+00
2.513225312500e+05 1.322138547897e+00
2.513222812500e+05 1.314567685127e+00
2.513220468750e+05 1.310098290443e+00
2.513217968750e+05 1.311471700668e+00
2.513215625000e+05 1.315450549126e+00
2.513213125000e+05 1.319210052490e+00
2.513210625000e+05 1.319324493408e+00
2.513208281250e+05 1.315832853317e+00
2.513205781250e+05 1.313884854317e+00
2.513203281250e+05 1.315357565880e+00
2.513200937500e+05 1.319775223732e+00
2.513198437500e+05 1.321946978569e+00
2.513196093750e+05 1.322015166283e+00
2.513193593750e+05 1.321940541267e+00
2.513191093750e+05 1.325205326080e+00
2.513188750000e+05 1.328201293945e+00
2.513186250000e+05 1.322329401970e+00
2.513183750000e+05 1.315959334373e+00
2.513181406250e+05 1.317917823792e+00
2.513178906250e+05 1.318974733353e+00
2.513176562500e+05 1.318664789200e+00
2.513174062500e+05 1.321579933167e+00
2.513171562500e+05 1.324519157410e+00
2.513169218750e+05 1.323382377625e+00
2.513166718750e+05 1.320433855057e+00
2.513164218750e+05 1.321743130684e+00
2.513161875000e+05 1.326489090919e+00
2.513159375000e+05 1.325932979584e+00
2.513157031250e+05 1.322905063629e+00
2.513154531250e+05 1.323173761368e+00
2.513152031250e+05 1.323124766350e+00
2.513149687500e+05 1.324011564255e+00
2.513147187500e+05 1.328728079796e+00
2.513144687500e+05 1.334220409393e+00
2.513142343750e+05 1.332300901413e+00
2.513139843750e+05 1.325627207756e+00
2.513137500000e+05 1.324471831322e+00
2.513135000000e+05 1.325508952141e+00
2.513132500000e+05 1.321686863899e+00
2.513130156250e+05 1.316653490067e+00
2.513127656250e+05 1.315942168236e+00
2.513125312500e+05 1.318734526634e+00
2.513122812500e+05 1.319044113159e+00
2.513120312500e+05 1.317051053047e+00
2.513117968750e+05 1.319372534752e+00
2.513115468750e+05 1.319955587387e+00
2.513112968750e+05 1.318278312683e+00
2.513110625000e+05 1.318782091141e+00
2.513108125000e+05 1.318434357643e+00
2.513105781250e+05 1.314474821091e+00
2.513103281250e+05 1.312930703163e+00
2.513100781250e+05 1.315570712090e+00
2.513098437500e+05 1.315299749374e+00
2.513095937500e+05 1.314231753349e+00
2.513093437500e+05 1.311656832695e+00
2.513091093750e+05 1.312185645103e+00
2.513088593750e+05 1.315745234489e+00
2.513086250000e+05 1.314196705818e+00
2.513083750000e+05 1.312066674232e+00
2.513081250000e+05 1.311324715614e+00
2.513078906250e+05 1.313522458076e+00
2.513076406250e+05 1.320036530495e+00
2.513073906250e+05 1.323335647583e+00
2.513071562500e+05 1.322530984879e+00
2.513069062500e+05 1.318443536758e+00
2.513066718750e+05 1.315745234489e+00
2.513064218750e+05 1.318834185600e+00
2.513061718750e+05 1.320263981819e+00
2.513059375000e+05 1.320646643639e+00
2.513056875000e+05 1.321873784065e+00
2.513054375000e+05 1.324005246162e+00
2.513052031250e+05 1.324766278267e+00
2.513049531250e+05 1.321776032448e+00
2.513047187500e+05 1.320163130760e+00
2.513044687500e+05 1.322637081146e+00
2.513042187500e+05 1.323430776596e+00
2.513039843750e+05 1.322443962097e+00
2.513037343750e+05 1.320034980774e+00
2.513034843750e+05 1.317633032799e+00
2.513032500000e+05 1.319878578186e+00
2.513030000000e+05 1.324419736862e+00
2.513027656250e+05 1.327748298645e+00
2.513025156250e+05 1.326915144920e+00
2.513022656250e+05 1.323757171631e+00
2.513020312500e+05 1.320699453354e+00
2.513017812500e+05 1.318481206894e+00
2.513015312500e+05 1.321068167686e+00
2.513012968750e+05 1.324561953545e+00
2.513010468750e+05 1.324134945869e+00
2.513008125000e+05 1.319987773895e+00
2.513005625000e+05 1.314893841743e+00
2.513003125000e+05 1.318313598633e+00
2.513000781250e+05 1.323723793030e+00
2.512998281250e+05 1.322346925735e+00
2.512995781250e+05 1.317928075790e+00
2.512993437500e+05 1.313845157623e+00
2.512990937500e+05 1.313267827034e+00
2.512988593750e+05 1.315495491028e+00
2.512986093750e+05 1.317883491516e+00
2.512983593750e+05 1.320787191391e+00
2.512981250000e+05 1.323998570442e+00
2.512978750000e+05 1.325616717339e+00
2.512976250000e+05 1.324808478355e+00
2.512973906250e+05 1.324900150299e+00
2.512971406250e+05 1.326567530632e+00
2.512969062500e+05 1.327275037766e+00
2.512966562500e+05 1.325275421143e+00
2.512964062500e+05 1.321303486824e+00
2.512961718750e+05 1.321247220039e+00
2.512959218750e+05 1.323258876801e+00
2.512956718750e+05 1.322089910507e+00
2.512954375000e+05 1.320379495621e+00
2.512951875000e+05 1.320111036301e+00
2.512949531250e+05 1.316203951836e+00
2.512947031250e+05 1.314585089684e+00
2.512944531250e+05 1.319067478180e+00
2.512942187500e+05 1.322065234184e+00
2.512939687500e+05 1.320448279381e+00
2.512937187500e+05 1.319547176361e+00
2.512934843750e+05 1.320386886597e+00
2.512932343750e+05 1.321215987206e+00
2.512930000000e+05 1.319643735886e+00
2.512927500000e+05 1.317340135574e+00
2.512925000000e+05 1.318741321564e+00
2.512922656250e+05 1.322708129883e+00
2.512920156250e+05 1.321638584137e+00
2.512917812500e+05 1.316188812256e+00
2.512915312500e+05 1.314334750175e+00
2.512912812500e+05 1.314503908157e+00
2.512910468750e+05 1.315592408180e+00
2.512907968750e+05 1.316637158394e+00
2.512905468750e+05 1.315882921219e+00
2.512903125000e+05 1.315194487572e+00
2.512900625000e+05 1.315141677856e+00
2.512898281250e+05 1.316042780876e+00
2.512895781250e+05 1.322357416153e+00
2.512893281250e+05 1.332632422447e+00
2.512890937500e+05 1.335106015205e+00
2.512888437500e+05 1.329177618027e+00
2.512885937500e+05 1.319560527802e+00
2.512883593750e+05 1.314568519592e+00
2.512881093750e+05 1.317104458809e+00
2.512878750000e+05 1.320360898972e+00
2.512876250000e+05 1.320505738258e+00
2.512873750000e+05 1.318040132523e+00
2.512871406250e+05 1.315982818604e+00
2.512868906250e+05 1.318566560745e+00
2.512866406250e+05 1.319694161415e+00
2.512864062500e+05 1.317620873451e+00
2.512861562500e+05 1.315884947777e+00
2.512859218750e+05 1.313705801964e+00
2.512856718750e+05 1.315221905708e+00
2.512854218750e+05 1.320091247559e+00
2.512851875000e+05 1.323833703995e+00
2.512849375000e+05 1.324567914009e+00
2.512846875000e+05 1.322642207146e+00
2.512844531250e+05 1.320301532745e+00
2.512842031250e+05 1.317759633064e+00
2.512839687500e+05 1.315426826477e+00
2.512837187500e+05 1.315215587616e+00
2.512834687500e+05 1.315790176392e+00
2.512832343750e+05 1.316760301590e+00
2.512829843750e+05 1.318504691124e+00
2.512827343750e+05 1.316821336746e+00
2.512825000000e+05 1.314728021622e+00
2.512822500000e+05 1.314798831940e+00
2.512820156250e+05 1.314236044884e+00
2.512817656250e+05 1.315052151680e+00
2.512815156250e+05 1.316299676895e+00
2.512812812500e+05 1.317158699036e+00
2.512810312500e+05 1.318729162216e+00
2.512807812500e+05 1.320338726044e+00
2.512805468750e+05 1.318991065025e+00
2.512802968750e+05 1.314286708832e+00
2.512800625000e+05 1.313437581062e+00
2.512798125000e+05 1.319505453110e+00
2.512795625000e+05 1.320449709892e+00
2.512793281250e+05 1.319690465927e+00
2.512790781250e+05 1.322604417801e+00
2.512788281250e+05 1.324897289276e+00
2.512785937500e+05 1.326682448387e+00
2.512783437500e+05 1.326730847359e+00
2.512781093750e+05 1.325364351273e+00
2.512778593750e+05 1.325564265251e+00
2.512776093750e+05 1.327972650528e+00
2.512773750000e+05 1.331257939339e+00
2.512771250000e+05 1.333212971687e+00
2.512768750000e+05 1.328869581223e+00
2.512766406250e+05 1.324318766594e+00
2.512763906250e+05 1.322443723679e+00
2.512761562500e+05 1.321038961411e+00
2.512759062500e+05 1.321420907974e+00
2.512756562500e+05 1.320787787437e+00
2.512754218750e+05 1.319761991501e+00
2.512751718750e+05 1.320014715195e+00
2.512749218750e+05 1.319815397263e+00
2.512746875000e+05 1.320986151695e+00
2.512744375000e+05 1.324918746948e+00
2.512742031250e+05 1.326128125191e+00
2.512739531250e+05 1.320889353752e+00
2.512737031250e+05 1.368650317192e+00
