#title: Spectral profile 
#region (world): Ellipse[[14:58:26.258, -14d33m17.651], [14:58:26.151, -14d33m16.118]]
#region (pixel): Ellipse[[43, 43], [82, 82]]
#coordinate: world
#xLabel: frequency [GHz]
#yLabel: [Jy] Flux Density

3.0879812622e+02   1.4677649364e-02
3.0879714966e+02  -7.3424130678e-03
3.0879617310e+02  -6.0536754318e-03
3.0879519653e+02   2.5530230254e-02
3.0879421997e+02   5.3955102339e-04
3.0879324341e+02   3.9313891903e-03
3.0879226685e+02  -2.9485732317e-02
3.0879129028e+02  -2.4226341397e-02
3.0879031372e+02  -8.3946641535e-03
3.0878933716e+02   1.0894207284e-02
3.0878836060e+02   9.6081364900e-03
3.0878738403e+02   2.5022702292e-02
3.0878640747e+02  -4.4029711717e-06
3.0878543091e+02   1.0339336470e-02
3.0878445435e+02  -3.4288899042e-03
3.0878347778e+02   2.5336926803e-02
3.0878250122e+02   2.2823855281e-02
3.0878152466e+02   3.4759677947e-02
3.0878054810e+02   1.8834967166e-02
3.0877957153e+02  -1.6435993835e-02
3.0877859497e+02  -1.5315876808e-03
3.0877761841e+02  -8.4890117869e-03
3.0877664185e+02   1.3893675059e-02
3.0877566528e+02  -2.0972592756e-02
3.0877468872e+02  -3.5946916323e-03
3.0877371216e+02   1.1727857403e-02
3.0877273560e+02   3.0325811822e-03
3.0877175903e+02  -1.0086653056e-03
3.0877078247e+02  -1.6633620486e-02
3.0876980591e+02   1.1713061482e-02
3.0876882935e+02  -1.6781194136e-02
3.0876785278e+02  -2.0603852347e-02
3.0876687622e+02   4.5125721954e-03
3.0876589966e+02   1.2053010985e-02
3.0876492310e+02   1.1703087948e-03
3.0876394653e+02   1.9201099873e-02
3.0876296997e+02  -2.6836956386e-03
3.0876199341e+02   1.8092991784e-02
3.0876101685e+02  -1.5423271107e-03
3.0876004028e+02   2.1785456687e-02
3.0875906372e+02   3.8794718683e-02
3.0875808716e+02   2.6747614145e-02
3.0875711060e+02   3.2067582011e-02
3.0875613403e+02   1.9168340368e-03
3.0875515747e+02   3.6984492093e-02
3.0875418091e+02   6.6973216832e-02
3.0875320435e+02   2.5963574648e-02
3.0875222778e+02   3.2846678048e-02
3.0875125122e+02   1.8414877355e-02
3.0875027466e+02  -5.2139372565e-03
3.0874929810e+02   1.7014406621e-02
3.0874832153e+02   4.2651638389e-02
3.0874734497e+02   3.0892172828e-02
3.0874636841e+02   3.4789722413e-02
3.0874539185e+02  -5.2048498765e-03
3.0874441528e+02  -1.2643152848e-02
3.0874343872e+02   5.8011189103e-03
3.0874246216e+02   1.7561158165e-02
3.0874148560e+02   4.5102145523e-02
3.0874050903e+02   3.6992736161e-02
3.0873953247e+02   1.0653690435e-02
3.0873855591e+02   1.9078880548e-02
3.0873757935e+02  -1.7056455836e-02
3.0873660278e+02   9.6733095124e-03
3.0873562622e+02   3.0324937776e-02
3.0873464966e+02   3.2692443579e-02
3.0873367310e+02  -2.7644747868e-02
3.0873269653e+02   3.0930945650e-02
3.0873171997e+02   4.9519222230e-02
3.0873074341e+02   2.0843354985e-02
3.0872976685e+02  -1.8148284405e-02
3.0872879028e+02  -1.0343506001e-02
3.0872781372e+02   1.0495436378e-02
3.0872683716e+02   2.9775256291e-02
3.0872586060e+02   1.7158156261e-02
3.0872488403e+02   3.6067612469e-02
3.0872390747e+02   9.5659634098e-03
3.0872293091e+02  -1.7872985452e-02
3.0872195435e+02   1.1647687294e-02
3.0872097778e+02   6.6089467146e-03
3.0872000122e+02   1.9989402965e-02
3.0871902466e+02  -3.6935706157e-03
3.0871804810e+02   9.0750819072e-03
3.0871707153e+02   2.9948065057e-02
3.0871609497e+02   3.0513303354e-02
3.0871511841e+02   1.0272522457e-02
3.0871414185e+02   1.5966102481e-02
3.0871316528e+02   2.6884989347e-03
3.0871218872e+02  -1.1761356145e-02
3.0871121216e+02  -7.6201157644e-03
3.0871023560e+02   2.5517525151e-02
3.0870925903e+02   3.6827232689e-02
3.0870828247e+02   2.3735852912e-02
3.0870730591e+02   5.2262064070e-02
3.0870632935e+02   4.8521995544e-02
3.0870535278e+02   2.8306499124e-02
3.0870437622e+02  -4.2505149031e-04
3.0870339966e+02   2.4401918054e-02
3.0870242310e+02   1.4445609413e-02
3.0870144653e+02  -1.7836540937e-02
3.0870046997e+02   8.7440107018e-03
3.0869949341e+02  -3.2501672395e-03
3.0869851685e+02   1.5773611143e-02
3.0869754028e+02   2.5126086548e-02
3.0869656372e+02   3.4650143236e-02
3.0869558716e+02   2.6098806411e-02
3.0869461060e+02   1.8392426893e-02
3.0869363403e+02  -1.5725383535e-02
3.0869265747e+02  -2.1754814312e-02
3.0869168091e+02   1.3787773438e-02
3.0869070435e+02   2.5566101074e-02
3.0868972778e+02  -2.7264839038e-02
3.0868875122e+02  -4.2174933478e-03
3.0868777466e+02   7.8901629895e-03
3.0868679810e+02   2.8728881851e-02
3.0868582153e+02   3.2948210835e-02
3.0868484497e+02   1.6715422273e-02
3.0868386841e+02   2.3081673309e-02
3.0868289185e+02  -1.5746517107e-02
3.0868191528e+02  -9.1655930737e-04
3.0868093872e+02   2.3084677756e-02
3.0867996216e+02   1.9626577850e-03
3.0867898560e+02   1.1982178316e-02
3.0867800903e+02  -9.8925475031e-03
3.0867703247e+02  -2.1658480167e-02
3.0867605591e+02  -4.2548906058e-03
3.0867507935e+02   1.9667357206e-02
3.0867410278e+02   1.7689294182e-03
3.0867312622e+02   1.0273072869e-02
3.0867214966e+02   3.8706835359e-02
3.0867117310e+02   3.7502169609e-02
3.0867019653e+02  -3.3170261886e-03
3.0866921997e+02  -6.5816687420e-03
3.0866824341e+02  -7.3723832611e-04
3.0866726685e+02  -2.8016101569e-02
3.0866629028e+02  -2.1768663079e-02
3.0866531372e+02   6.8333623931e-03
3.0866433716e+02   9.9663082510e-03
3.0866336060e+02   9.0580033138e-03
3.0866238403e+02  -1.4887345955e-02
3.0866140747e+02  -1.5729868785e-02
3.0866043091e+02  -2.3926297203e-02
3.0865945435e+02  -2.5274896994e-02
3.0865847778e+02   6.6329762340e-03
3.0865750122e+02   1.9156694412e-02
3.0865652466e+02  -7.0465025492e-03
3.0865554810e+02  -4.9579497427e-02
3.0865457153e+02  -1.3818013482e-02
3.0865359497e+02   1.9918527454e-02
3.0865261841e+02   1.2870729901e-02
3.0865164185e+02   2.7147538494e-03
3.0865066528e+02   2.7399249375e-02
3.0864968872e+02   1.0512845591e-02
3.0864871216e+02  -2.2423731163e-02
3.0864773560e+02  -1.0537158698e-02
3.0864675903e+02   3.9058584720e-02
3.0864578247e+02   4.7655340284e-02
3.0864480591e+02   1.9261321053e-02
3.0864382935e+02  -2.5515802205e-02
3.0864285278e+02  -2.6109714061e-02
3.0864187622e+02  -1.0294533335e-02
3.0864089966e+02  -8.4640569985e-03
3.0863992310e+02   3.9460144937e-02
3.0863894653e+02   4.5724090189e-02
3.0863796997e+02   6.1776056886e-02
3.0863699341e+02   3.3832564950e-02
3.0863601685e+02   7.6845851727e-03
3.0863504028e+02   1.3916978613e-02
3.0863406372e+02  -1.2141892686e-02
3.0863308716e+02  -1.4298643917e-02
3.0863211060e+02  -1.1278004386e-02
3.0863113403e+02  -2.1520197392e-02
3.0863015747e+02   7.3979808949e-03
3.0862918091e+02   3.6934468895e-02
3.0862820435e+02   2.2489737719e-02
3.0862722778e+02   2.8105592355e-02
3.0862625122e+02   1.5278031118e-02
3.0862527466e+02   1.7037497833e-02
3.0862429810e+02   1.6187028959e-02
3.0862332153e+02   5.3911763243e-03
3.0862234497e+02   9.3346321955e-03
3.0862136841e+02   8.3555601304e-04
3.0862039185e+02  -4.0840231813e-03
3.0861941528e+02   2.9793391004e-02
3.0861843872e+02  -1.0470437817e-02
3.0861746216e+02   9.0284133330e-03
3.0861648560e+02  -5.2977567539e-03
3.0861550903e+02   1.8907526508e-02
3.0861453247e+02   1.8100071698e-02
3.0861355591e+02   3.3165860921e-02
3.0861257935e+02  -1.0414717719e-02
3.0861160278e+02  -1.3475748710e-02
3.0861062622e+02   1.9203426316e-02
3.0860964966e+02   2.8660580516e-02
3.0860867310e+02   1.0696072131e-02
3.0860769653e+02  -1.3506404124e-02
3.0860671997e+02   1.6200222075e-02
3.0860574341e+02   1.1345482431e-02
3.0860476685e+02   2.3048035800e-02
3.0860379028e+02  -2.2281410173e-02
3.0860281372e+02   2.1656585857e-02
3.0860183716e+02  -2.8628888540e-03
3.0860083008e+02  -1.9656568766e-02
3.0859985352e+02   6.4844023436e-03
3.0859887695e+02  -1.2080407701e-02
3.0859790039e+02  -2.5282319635e-02
3.0859692383e+02  -6.4532971010e-03
3.0859594727e+02   1.8983574584e-02
3.0859497070e+02   2.6101944968e-02
3.0859399414e+02   8.5137588903e-03
3.0859301758e+02  -2.4345755577e-02
3.0859204102e+02  -5.7115236996e-04
3.0859106445e+02   2.3936644197e-02
3.0859008789e+02   2.1025378257e-02
3.0858911133e+02  -1.0214367881e-02
3.0858813477e+02   2.0744973794e-02
3.0858715820e+02   3.6926653236e-02
3.0858618164e+02   3.7370249629e-02
3.0858520508e+02  -2.8117841575e-03
3.0858422852e+02   1.6270043561e-03
3.0858325195e+02  -1.9059125334e-02
3.0858227539e+02  -3.8082629442e-02
3.0858129883e+02  -1.8008688465e-02
3.0858032227e+02  -4.3036644347e-03
3.0857934570e+02  -4.4301614165e-02
3.0857836914e+02  -4.2897615582e-02
3.0857739258e+02  -1.3873019256e-02
3.0857641602e+02  -1.6247423366e-02
3.0857543945e+02   1.7257768661e-02
3.0857446289e+02   6.2189796008e-03
3.0857348633e+02   3.1144199893e-02
3.0857250977e+02   3.1695079058e-02
3.0857153320e+02   1.0188334621e-02
3.0857055664e+02   1.5392540023e-02
3.0856958008e+02   1.6472898424e-02
3.0856860352e+02   1.3338471763e-03
3.0856762695e+02   2.2706588730e-02
3.0856665039e+02   5.7766968384e-03
3.0856567383e+02  -1.4659465291e-02
3.0856469727e+02   1.1560250074e-02
3.0856372070e+02  -1.4828740619e-02
3.0856274414e+02  -3.3938195556e-02
3.0856176758e+02  -9.0609798208e-03
3.0856079102e+02  -4.6266829595e-03
3.0855981445e+02   5.3729424253e-03
3.0855883789e+02  -2.5548432022e-03
3.0855786133e+02  -2.0063357428e-02
3.0855688477e+02  -1.0336453095e-02
3.0855590820e+02   2.6050319429e-03
3.0855493164e+02   1.5509663150e-02
3.0855395508e+02   1.4315594919e-02
3.0855297852e+02   4.5723348856e-02
3.0855200195e+02   2.9020261019e-02
3.0855102539e+02   7.1731996723e-03
3.0855004883e+02  -1.5695245937e-02
3.0854907227e+02  -3.1957402825e-03
3.0854809570e+02  -2.1426961757e-03
3.0854711914e+02   3.1394381076e-02
3.0854614258e+02  -7.2688809596e-03
3.0854516602e+02  -3.7191275507e-02
3.0854418945e+02  -8.0317128450e-03
3.0854321289e+02   9.3703679740e-03
3.0854223633e+02   3.3181753010e-02
3.0854125977e+02  -7.8843459487e-03
3.0854028320e+02   1.1171869934e-02
3.0853930664e+02  -1.7925161868e-02
3.0853833008e+02  -1.0324381292e-02
3.0853735352e+02   2.1361038089e-03
3.0853637695e+02   8.4166852757e-03
3.0853540039e+02  -1.9021252170e-02
3.0853442383e+02  -1.3388575986e-02
3.0853344727e+02   1.1826016009e-02
3.0853247070e+02   1.8841112033e-02
3.0853149414e+02  -1.9352611154e-02
3.0853051758e+02   3.3019330353e-02
3.0852954102e+02  -1.0175212286e-02
3.0852856445e+02   7.5098620728e-03
3.0852758789e+02   4.3011698872e-02
3.0852661133e+02   3.7854839116e-02
3.0852563477e+02   2.8958229348e-02
3.0852465820e+02   4.6760939062e-02
3.0852368164e+02   2.4422200397e-02
3.0852270508e+02   9.6371620893e-03
3.0852172852e+02  -1.6800049692e-02
3.0852075195e+02  -1.0239013471e-02
3.0851977539e+02   3.8170970976e-02
3.0851879883e+02   3.4756194800e-02
3.0851782227e+02  -2.5276169181e-02
3.0851684570e+02   1.1344562285e-02
3.0851586914e+02   5.5637760088e-03
3.0851489258e+02   1.3857364655e-02
3.0851391602e+02   5.7118497789e-02
3.0851293945e+02   3.1787246466e-02
3.0851196289e+02   5.3333668038e-03
3.0851098633e+02  -2.4206668139e-02
3.0851000977e+02   1.8976120278e-02
3.0850903320e+02  -9.8917996511e-03
3.0850805664e+02   2.0019523799e-02
3.0850708008e+02   1.4867910184e-02
3.0850610352e+02   2.2882703692e-02
3.0850512695e+02   3.4190129489e-02
3.0850415039e+02   2.3910479620e-02
3.0850317383e+02   5.4115895182e-02
3.0850219727e+02   5.0551708788e-02
3.0850122070e+02   4.5762350783e-03
3.0850024414e+02  -7.5611742213e-03
3.0849926758e+02  -2.9783152044e-02
3.0849829102e+02  -1.0171568021e-02
3.0849731445e+02  -2.3461431265e-02
3.0849633789e+02  -1.7336020246e-02
3.0849536133e+02   1.7936298624e-02
3.0849438477e+02   4.4330738485e-02
3.0849340820e+02  -6.3173319213e-03
3.0849243164e+02  -3.1136054546e-02
3.0849145508e+02  -4.7289066017e-02
3.0849047852e+02   1.0822393931e-02
3.0848950195e+02   4.7500602901e-02
3.0848852539e+02   1.2227104045e-02
3.0848754883e+02   6.1875679530e-03
3.0848657227e+02   3.6593892146e-03
3.0848559570e+02  -1.9974637777e-02
3.0848461914e+02  -2.6791881770e-02
3.0848364258e+02  -9.1562876478e-03
3.0848266602e+02   2.2374119610e-02
3.0848168945e+02   2.2731011733e-02
3.0848071289e+02   3.2283924520e-02
3.0847973633e+02   3.2583389431e-02
3.0847875977e+02   1.7839822918e-02
3.0847778320e+02  -5.4691378027e-03
3.0847680664e+02   1.1641630903e-02
3.0847583008e+02   2.3089820519e-02
3.0847485352e+02  -2.5829397142e-02
3.0847387695e+02  -4.4666118920e-02
3.0847290039e+02  -2.4875467643e-02
3.0847192383e+02  -3.9677701890e-02
3.0847094727e+02  -1.7125356942e-02
3.0846997070e+02   1.2556839734e-02
3.0846899414e+02  -8.8724652305e-03
3.0846801758e+02  -1.3722805306e-02
3.0846704102e+02  -1.7362268642e-02
3.0846606445e+02  -1.4473041520e-02
3.0846508789e+02   1.0580665432e-02
3.0846411133e+02   3.3518988639e-02
3.0846313477e+02  -1.5428194776e-02
3.0846215820e+02   7.9218875617e-03
3.0846118164e+02   9.3261047732e-04
3.0846020508e+02   1.3898616657e-02
3.0845922852e+02  -6.3114089426e-04
3.0845825195e+02   4.5859951526e-02
3.0845727539e+02   3.5977207124e-02
3.0845629883e+02   3.4919071943e-02
3.0845532227e+02   2.3931408301e-02
3.0845434570e+02   7.2023486719e-03
3.0845336914e+02   1.6233585775e-02
3.0845239258e+02   4.4577013701e-02
3.0845141602e+02   1.4314900152e-02
3.0845043945e+02   5.8735320345e-03
3.0844946289e+02   2.7387116104e-02
3.0844848633e+02   8.7801543996e-03
3.0844750977e+02  -3.9261025377e-03
3.0844653320e+02  -6.8370671943e-03
3.0844555664e+02  -2.7626587078e-02
3.0844458008e+02  -1.5825182199e-02
3.0844360352e+02  -2.6938363444e-03
3.0844262695e+02   2.7117475867e-02
3.0844165039e+02   2.2408781573e-02
3.0844067383e+02  -5.6537599303e-03
3.0843969727e+02   2.8498776257e-02
3.0843872070e+02   2.5122560561e-02
3.0843774414e+02   7.6531888917e-03
3.0843676758e+02  -1.4234759845e-02
3.0843579102e+02   1.0256762616e-02
3.0843481445e+02   5.6645628065e-02
3.0843383789e+02   2.2207535803e-02
3.0843286133e+02   6.7916866392e-03
3.0843188477e+02   1.8471226096e-02
3.0843090820e+02   4.6530045569e-02
3.0842993164e+02  -1.1406554841e-02
3.0842895508e+02  -3.7835391704e-03
3.0842797852e+02   8.5335057229e-03
3.0842700195e+02   1.7190303653e-02
3.0842602539e+02   4.2652633041e-02
3.0842504883e+02   3.0249256641e-02
3.0842407227e+02   3.3103596419e-02
3.0842309570e+02   2.3050138727e-02
3.0842211914e+02   1.1312074959e-02
3.0842114258e+02   5.5129150860e-03
3.0842016602e+02   1.0116871446e-02
3.0841918945e+02   6.4529367955e-04
3.0841821289e+02   4.1773486882e-02
3.0841723633e+02   3.8685876876e-02
3.0841625977e+02   3.1041469425e-02
3.0841528320e+02   1.5553271398e-02
3.0841430664e+02   2.9049184173e-02
3.0841333008e+02  -1.2123631313e-03
3.0841235352e+02   4.3853253126e-02
3.0841137695e+02  -1.7920566024e-03
3.0841040039e+02  -3.1272653490e-02
3.0840942383e+02   3.7939030677e-02
3.0840844727e+02   3.8004256785e-02
3.0840747070e+02   2.7181262150e-02
3.0840649414e+02   4.3706251308e-03
3.0840551758e+02   3.7058707327e-02
3.0840454102e+02   2.9087288305e-02
3.0840356445e+02   1.1223141104e-02
3.0840258789e+02   1.7040882260e-02
3.0840161133e+02   2.1232539788e-02
3.0840063477e+02   1.8702616915e-02
3.0839965820e+02   1.1484456249e-02
3.0839868164e+02   2.2064704448e-02
3.0839770508e+02   2.7760818601e-02
3.0839672852e+02   1.0115347803e-02
3.0839575195e+02  -2.4659086019e-02
3.0839477539e+02  -2.3504454643e-02
3.0839379883e+02   4.2344881222e-03
3.0839282227e+02   1.2999953702e-02
3.0839184570e+02   2.1316513419e-02
3.0839086914e+02   1.6788017005e-02
3.0838989258e+02   2.8843956068e-02
3.0838891602e+02  -1.2880652212e-02
3.0838793945e+02   2.5041444227e-02
3.0838696289e+02   2.9211586341e-02
3.0838598633e+02   3.7960171700e-02
3.0838500977e+02   4.1831638664e-02
3.0838403320e+02   2.7322381735e-02
3.0838305664e+02   5.1901571453e-02
3.0838208008e+02   3.7952966988e-02
3.0838110352e+02   2.8174443170e-02
3.0838012695e+02   5.1857996732e-02
3.0837915039e+02   6.7941412330e-02
3.0837817383e+02   3.9550881833e-02
3.0837719727e+02   5.0949431956e-02
3.0837622070e+02   3.5760071129e-02
3.0837524414e+02   9.5029659569e-03
3.0837426758e+02  -6.3118487597e-03
3.0837329102e+02  -1.0149440728e-02
3.0837231445e+02  -6.1765097780e-04
3.0837133789e+02   2.8938543051e-02
3.0837036133e+02   3.8127370179e-02
3.0836938477e+02   2.9658444226e-02
3.0836840820e+02   2.9755125288e-03
3.0836743164e+02  -1.0185153224e-02
3.0836645508e+02   2.9239404947e-02
3.0836547852e+02   1.9272601232e-02
3.0836450195e+02   8.8676903397e-03
3.0836352539e+02   1.3537984341e-03
3.0836254883e+02   1.6063937917e-02
3.0836157227e+02   2.0225461572e-02
3.0836059570e+02   3.5320005845e-03
3.0835961914e+02   1.2947249226e-02
3.0835864258e+02  -5.5031973869e-02
3.0835766602e+02  -8.6709093302e-03
3.0835668945e+02  -1.9757421687e-02
3.0835571289e+02  -1.1700972915e-02
3.0835473633e+02  -1.0975925252e-02
3.0835375977e+02  -1.1315373704e-03
3.0835278320e+02  -5.6687416509e-03
3.0835180664e+02   4.5342735946e-02
3.0835083008e+02   1.8119800836e-02
3.0834985352e+02   1.1230275966e-02
3.0834887695e+02   4.3335270137e-02
3.0834790039e+02  -3.0058125034e-02
3.0834692383e+02   2.2332618013e-02
3.0834594727e+02   1.5462889336e-02
3.0834497070e+02   1.4021773823e-02
3.0834399414e+02   6.4760227688e-03
3.0834301758e+02   5.9389378875e-03
3.0834204102e+02  -1.1676439317e-03
3.0834106445e+02  -6.1181522906e-03
3.0834008789e+02   3.9639838040e-02
3.0833911133e+02   3.5264227539e-02
3.0833813477e+02   3.8722115569e-03
3.0833715820e+02  -1.0572907515e-02
3.0833618164e+02  -3.1664904207e-02
3.0833520508e+02   8.2487026230e-03
3.0833422852e+02   1.0180574842e-02
3.0833325195e+02   2.4093931541e-02
3.0833227539e+02  -1.4246674255e-02
3.0833129883e+02  -3.7465915084e-03
3.0833032227e+02   4.7619361430e-02
3.0832934570e+02   7.9119019210e-03
3.0832836914e+02  -6.9643985480e-03
3.0832739258e+02   2.8795374557e-02
3.0832641602e+02  -1.7243253067e-02
3.0832543945e+02  -3.2236825675e-02
3.0832446289e+02  -8.2697905600e-03
3.0832348633e+02  -1.1911048554e-02
3.0832250977e+02   1.8682749942e-02
3.0832153320e+02  -5.0947153941e-03
3.0832055664e+02   2.4826440960e-02
3.0831958008e+02   2.7278862894e-02
3.0831860352e+02   8.0096081365e-04
3.0831762695e+02  -5.6152790785e-02
3.0831665039e+02  -3.4445847850e-03
3.0831567383e+02  -3.0151294544e-02
3.0831469727e+02  -7.9096583650e-03
3.0831372070e+02   1.9294030964e-02
3.0831274414e+02  -2.2902956698e-03
3.0831176758e+02   1.1322632432e-02
3.0831079102e+02  -1.4606139623e-02
3.0830978394e+02  -1.3785108924e-02
3.0830880737e+02  -2.3869954050e-02
3.0830783081e+02  -1.9546074327e-03
3.0830685425e+02   3.1533785164e-02
3.0830587769e+02   3.0875627417e-03
3.0830490112e+02  -7.6483413577e-03
3.0830392456e+02   2.7887759730e-02
3.0830294800e+02   1.1300434358e-02
3.0830197144e+02   2.5101672858e-02
3.0830099487e+02   4.9948804080e-02
3.0830001831e+02   3.5514131188e-02
3.0829904175e+02   2.4492714554e-02
3.0829806519e+02   8.6986906826e-03
3.0829708862e+02   2.3762280121e-02
3.0829611206e+02   6.6204774193e-03
3.0829513550e+02   1.5172788873e-02
3.0829415894e+02   8.3436677232e-03
3.0829318237e+02   7.9098008573e-03
3.0829220581e+02  -5.4167546332e-03
3.0829122925e+02  -1.7103452235e-02
3.0829025269e+02   1.3798046857e-03
3.0828927612e+02  -3.6476610694e-03
3.0828829956e+02  -2.8350129724e-02
3.0828732300e+02  -4.7112658620e-02
3.0828634644e+02  -1.0488227941e-02
3.0828536987e+02  -4.0979590267e-03
3.0828439331e+02  -2.3985227570e-02
3.0828341675e+02   2.1158723161e-02
3.0828244019e+02   3.4711427987e-02
3.0828146362e+02  -8.7896110490e-03
3.0828048706e+02  -6.9625987671e-03
3.0827951050e+02  -4.4888932258e-02
3.0827853394e+02  -3.4543503076e-02
3.0827755737e+02  -1.4291566797e-02
3.0827658081e+02  -3.1995613128e-02
3.0827560425e+02  -9.2023219913e-03
3.0827462769e+02  -1.4250794426e-02
3.0827365112e+02  -3.4449871629e-02
3.0827267456e+02  -4.2617537081e-02
3.0827169800e+02  -7.4743521400e-03
3.0827072144e+02  -2.9513118789e-03
3.0826974487e+02  -1.8757248297e-02
3.0826876831e+02  -1.0901526548e-02
3.0826779175e+02   1.6456322046e-03
3.0826681519e+02   1.2933954597e-02
3.0826583862e+02  -4.7049958259e-02
3.0826486206e+02  -2.7384253219e-02
3.0826388550e+02  -1.2167167850e-02
3.0826290894e+02   9.6776621649e-04
3.0826193237e+02  -2.2990673780e-02
3.0826095581e+02  -2.3912074044e-02
3.0825997925e+02   1.1235751212e-02
3.0825900269e+02   1.1152571067e-02
3.0825802612e+02   3.0195307918e-03
3.0825704956e+02  -8.4252180532e-03
3.0825607300e+02  -1.1491483077e-02
3.0825509644e+02  -3.4733158536e-03
3.0825411987e+02   1.6472892836e-02
3.0825314331e+02  -3.8239844143e-02
3.0825216675e+02  -3.4700710326e-02
3.0825119019e+02  -2.4697210174e-03
3.0825021362e+02  -2.6308227330e-02
3.0824923706e+02  -1.5303649008e-02
3.0824826050e+02  -9.8191173747e-03
3.0824728394e+02  -1.7326077214e-03
3.0824630737e+02  -3.4779247362e-03
3.0824533081e+02   2.0994963124e-02
3.0824435425e+02   1.5438382514e-02
3.0824337769e+02   2.3840819485e-03
3.0824240112e+02  -1.1504872702e-02
3.0824142456e+02  -1.0754739866e-02
3.0824044800e+02  -6.9550606422e-03
3.0823947144e+02  -1.4995384030e-02
3.0823849487e+02  -2.0021254197e-02
3.0823751831e+02  -4.5147337019e-02
3.0823654175e+02  -2.7366923168e-02
3.0823556519e+02   6.6338521428e-03
3.0823458862e+02   4.9463164061e-02
3.0823361206e+02   1.2348278426e-02
3.0823263550e+02  -1.4165345347e-03
3.0823165894e+02   2.1444315091e-02
3.0823068237e+02   1.7115650699e-02
3.0822970581e+02   1.4985485934e-02
3.0822872925e+02   1.2407665141e-02
3.0822775269e+02   2.7621435001e-02
3.0822677612e+02   3.8479918148e-03
3.0822579956e+02  -1.3026727363e-02
3.0822482300e+02   8.8736694306e-03
3.0822384644e+02  -2.3609257769e-03
3.0822286987e+02   2.6029037312e-02
3.0822189331e+02   3.1798485667e-02
3.0822091675e+02  -2.5366369635e-02
3.0821994019e+02  -1.5896227211e-02
3.0821896362e+02  -9.6819968894e-03
3.0821798706e+02  -2.4500561878e-02
3.0821701050e+02   3.1995806843e-02
3.0821603394e+02   3.8240291178e-02
3.0821505737e+02   2.4069620296e-02
3.0821408081e+02   3.1053453684e-02
3.0821310425e+02   9.8737338558e-03
3.0821212769e+02  -4.9927867949e-03
3.0821115112e+02   4.4124986976e-02
3.0821017456e+02   5.6896775961e-02
3.0820919800e+02   1.3258311898e-02
3.0820822144e+02  -3.5247310996e-02
3.0820724487e+02  -1.9957169890e-02
3.0820626831e+02   1.7299108207e-02
3.0820529175e+02   8.7412744761e-03
3.0820431519e+02  -2.2367391735e-02
3.0820333862e+02   2.0435854793e-02
3.0820236206e+02   8.5444273427e-03
3.0820138550e+02  -2.1497702226e-02
3.0820040894e+02  -1.0795952752e-02
3.0819943237e+02  -1.8743610010e-02
3.0819845581e+02  -1.0266048834e-02
3.0819747925e+02  -1.7153378576e-02
3.0819650269e+02   9.5794191584e-03
3.0819552612e+02   2.3147892207e-02
3.0819454956e+02   2.6608433574e-02
3.0819357300e+02   5.0488058478e-02
3.0819259644e+02   1.8600685522e-02
3.0819161987e+02  -2.2262891289e-03
3.0819064331e+02  -2.5324949995e-02
3.0818966675e+02  -7.4862893671e-03
3.0818869019e+02   3.3146191388e-02
3.0818771362e+02   2.9930524528e-02
3.0818673706e+02  -1.6570860520e-02
3.0818576050e+02  -1.0973292403e-02
3.0818478394e+02  -1.2716107070e-02
3.0818380737e+02  -1.4764729887e-02
3.0818283081e+02  -3.7261009216e-02
3.0818185425e+02   4.4275242835e-02
3.0818087769e+02  -1.4436498284e-02
3.0817990112e+02  -5.4936357774e-03
3.0817892456e+02   2.9990639538e-02
3.0817794800e+02   1.5729248524e-02
3.0817697144e+02   1.1847909540e-02
3.0817599487e+02   2.9643859714e-02
3.0817501831e+02   1.5122104436e-02
3.0817404175e+02   2.2175464779e-02
3.0817306519e+02   3.0202636495e-02
3.0817208862e+02   7.5506535359e-03
3.0817111206e+02   2.2906944156e-02
3.0817013550e+02   2.5457460433e-02
3.0816915894e+02   1.1153715663e-02
3.0816818237e+02   2.0173475146e-02
3.0816720581e+02   1.5189569443e-02
3.0816622925e+02   1.0446587577e-02
3.0816525269e+02   1.1579702608e-02
3.0816427612e+02   1.9574474543e-02
3.0816329956e+02   1.6487332061e-02
3.0816232300e+02   1.9076222554e-02
3.0816134644e+02   1.7665071646e-03
3.0816036987e+02  -7.0207170211e-03
3.0815939331e+02   5.1088404143e-04
3.0815841675e+02   3.2764866948e-02
3.0815744019e+02   1.0704235174e-02
3.0815646362e+02   1.7483089119e-02
3.0815548706e+02   1.4634256251e-02
3.0815451050e+02   9.8460679874e-03
3.0815353394e+02   3.4905601293e-02
3.0815255737e+02  -2.9759420082e-02
3.0815158081e+02   9.2001520097e-03
3.0815060425e+02   3.9990805089e-04
3.0814962769e+02  -1.0540973395e-02
3.0814865112e+02   8.5514958482e-04
3.0814767456e+02  -1.7367059365e-02
3.0814669800e+02  -2.3382466752e-03
3.0814572144e+02   1.9166018814e-02
3.0814474487e+02  -1.6404720023e-02
3.0814376831e+02   2.2100836039e-02
3.0814279175e+02   1.7992412671e-02
3.0814181519e+02   6.9489981979e-04
3.0814083862e+02  -1.2594915926e-02
3.0813986206e+02  -1.4433797915e-03
3.0813888550e+02   1.3521454297e-02
3.0813790894e+02  -3.0164560303e-03
3.0813693237e+02   2.2917212918e-02
3.0813595581e+02   5.6395065039e-03
3.0813497925e+02  -6.3017301261e-02
3.0813400269e+02  -2.5056144223e-02
3.0813302612e+02  -1.4257890172e-02
3.0813204956e+02  -1.8464379013e-02
3.0813107300e+02  -9.7125731409e-03
3.0813009644e+02  -3.2692935783e-03
3.0812911987e+02   1.0218187235e-02
3.0812814331e+02  -5.9139090590e-03
3.0812716675e+02  -2.4430114776e-02
3.0812619019e+02  -3.1036904547e-03
3.0812521362e+02   4.4154296629e-03
3.0812423706e+02  -5.6393328123e-03
3.0812326050e+02  -5.1609184593e-03
3.0812228394e+02  -3.0642637983e-02
3.0812130737e+02   4.0780212730e-03
3.0812033081e+02   6.6062744008e-04
3.0811935425e+02   1.8788069487e-02
3.0811837769e+02   4.3191347271e-02
3.0811740112e+02   3.4331772476e-02
3.0811642456e+02   4.5288503170e-03
3.0811544800e+02  -1.8239460886e-02
3.0811447144e+02  -3.0422328040e-02
3.0811349487e+02  -1.6891100677e-03
3.0811251831e+02  -5.7280779583e-04
3.0811154175e+02  -5.1145232283e-03
3.0811056519e+02  -3.1148834154e-02
3.0810958862e+02   1.8274480477e-02
3.0810861206e+02  -5.2684280090e-03
3.0810763550e+02  -1.4135739766e-03
3.0810665894e+02  -1.9075617194e-02
3.0810568237e+02   2.4753434584e-02
3.0810470581e+02   4.3312218040e-02
3.0810372925e+02   7.3182573542e-03
3.0810275269e+02  -2.2582205012e-02
3.0810177612e+02  -1.3991188258e-02
3.0810079956e+02  -3.1914621592e-02
3.0809982300e+02  -2.3103943095e-02
3.0809884644e+02   6.5122387605e-04
3.0809786987e+02  -3.1179193407e-02
3.0809689331e+02   2.0421257243e-02
3.0809591675e+02   1.1311167851e-02
3.0809494019e+02  -9.1943219304e-03
3.0809396362e+02  -3.3497635741e-03
3.0809298706e+02   1.5102985315e-02
3.0809201050e+02   2.6653179899e-02
3.0809103394e+02  -8.2118390128e-03
3.0809005737e+02   1.0259713978e-02
3.0808908081e+02  -4.5343860984e-03
3.0808810425e+02  -2.8236636426e-03
3.0808712769e+02   1.0371444747e-02
3.0808615112e+02  -9.9829910323e-03
3.0808517456e+02  -6.8505830131e-03
3.0808419800e+02   2.5185959414e-02
3.0808322144e+02   3.3972464502e-02
3.0808224487e+02   3.0271615833e-03
3.0808126831e+02   7.6352473116e-04
3.0808029175e+02   1.1247523129e-02
3.0807931519e+02   3.3014081419e-02
3.0807833862e+02   2.1679924801e-02
3.0807736206e+02   1.1571159586e-02
3.0807638550e+02  -1.0219664313e-02
3.0807540894e+02  -9.2823440209e-03
3.0807443237e+02  -4.8889140598e-03
3.0807345581e+02   3.6679521203e-02
3.0807247925e+02   1.5421726741e-02
3.0807150269e+02  -4.1627082974e-03
3.0807052612e+02   6.0024149716e-02
3.0806954956e+02   5.3643286228e-02
3.0806857300e+02   9.8324497230e-05
3.0806759644e+02   3.7513261195e-03
3.0806661987e+02  -2.3803189397e-02
3.0806564331e+02   6.1635347083e-03
3.0806466675e+02  -2.5932719931e-02
3.0806369019e+02  -2.6490812888e-04
3.0806271362e+02  -2.5429898873e-02
3.0806173706e+02  -1.1827411130e-02
3.0806076050e+02  -5.0640411675e-02
3.0805978394e+02  -3.3659946173e-02
3.0805880737e+02   7.9219983891e-03
3.0805783081e+02  -3.7845853716e-02
3.0805685425e+02  -9.4656050205e-03
3.0805587769e+02   1.6495216638e-02
3.0805490112e+02   1.7173349857e-02
3.0805392456e+02  -1.0699166916e-02
3.0805294800e+02  -4.4283801690e-03
3.0805197144e+02   8.1589659676e-03
3.0805099487e+02   2.1488375496e-03
3.0805001831e+02  -1.5845740214e-02
3.0804904175e+02  -1.3166120276e-02
3.0804806519e+02  -1.1221513851e-03
3.0804708862e+02  -3.5667821765e-02
3.0804611206e+02  -3.3094748855e-02
3.0804513550e+02   2.6206513867e-02
3.0804415894e+02  -1.7426742241e-02
3.0804318237e+02  -3.0986806378e-02
3.0804220581e+02  -1.2821950018e-02
3.0804122925e+02  -3.5713575780e-02
3.0804025269e+02  -1.0729426518e-02
3.0803927612e+02   1.6829058528e-02
3.0803829956e+02  -7.5187226757e-03
3.0803732300e+02  -2.3531118408e-02
3.0803634644e+02   1.6636190936e-02
3.0803536987e+02  -2.4691225961e-02
3.0803439331e+02  -1.2671391480e-02
3.0803341675e+02   7.0258165943e-04
3.0803244019e+02  -5.2984892391e-03
3.0803146362e+02   1.8601005897e-02
3.0803048706e+02  -2.3722907528e-02
3.0802951050e+02  -1.0394362733e-02
3.0802853394e+02  -3.5699985921e-02
3.0802755737e+02  -1.5263083391e-02
3.0802658081e+02  -2.0809667185e-02
3.0802560425e+02  -2.5822034106e-02
3.0802462769e+02  -5.9129032306e-03
3.0802365112e+02   7.3964102194e-03
3.0802267456e+02   6.9719222374e-03
3.0802169800e+02  -7.4589415453e-03
3.0802072144e+02  -1.5460327268e-02
3.0801974487e+02  -2.6386538520e-02
3.0801876831e+02  -2.1094586700e-02
3.0801776123e+02  -1.3170931488e-02
3.0801678467e+02   1.3675449416e-02
3.0801580811e+02   1.4074847102e-02
3.0801483154e+02  -4.3902429752e-03
3.0801385498e+02  -1.3375492766e-02
3.0801287842e+02   3.3102885936e-04
3.0801190186e+02   2.0763442444e-04
3.0801092529e+02   9.9062947556e-03
3.0800994873e+02  -4.4320560992e-02
3.0800897217e+02  -3.2740328461e-02
3.0800799561e+02  -1.9728811458e-02
3.0800701904e+02  -2.6337843388e-02
3.0800604248e+02  -8.5130566731e-03
3.0800506592e+02   2.5170577690e-02
3.0800408936e+02  -8.0250650644e-03
3.0800311279e+02   3.0594950542e-02
3.0800213623e+02   3.3060420305e-02
3.0800115967e+02  -4.6562138014e-03
3.0800018311e+02  -1.5258930624e-02
3.0799920654e+02  -2.5806059130e-03
3.0799822998e+02  -1.2517860159e-02
3.0799725342e+02  -6.9943726994e-03
3.0799627686e+02  -1.2906324118e-03
3.0799530029e+02   4.0733796777e-04
3.0799432373e+02  -2.0404366660e-04
3.0799334717e+02  -4.3156915344e-03
3.0799237061e+02   2.3696820717e-03
3.0799139404e+02  -1.2053961400e-03
3.0799041748e+02   2.9649254866e-03
3.0798944092e+02   8.6891017854e-03
3.0798846436e+02   9.2216487974e-03
3.0798748779e+02   1.9011896104e-02
3.0798651123e+02  -1.1619260535e-02
3.0798553467e+02  -3.7952403072e-03
3.0798455811e+02   7.5268284418e-03
3.0798358154e+02  -2.6983704884e-03
3.0798260498e+02   1.5785120428e-02
3.0798162842e+02   1.6975814477e-02
3.0798065186e+02  -4.4953532051e-04
3.0797967529e+02  -4.3725222349e-02
3.0797869873e+02  -7.5176795945e-03
3.0797772217e+02  -6.2117171474e-03
3.0797674561e+02  -1.3498478569e-02
3.0797576904e+02  -1.5135478228e-02
3.0797479248e+02   7.2971880436e-03
3.0797381592e+02   2.9081986286e-03
3.0797283936e+02  -1.4555053785e-02
3.0797186279e+02  -4.4999588281e-03
3.0797088623e+02  -3.3964668401e-03
3.0796990967e+02  -6.3124368899e-03
3.0796893311e+02   1.6353568062e-02
3.0796795654e+02   6.1863869429e-02
3.0796697998e+02   1.4638300054e-02
3.0796600342e+02  -8.7027987465e-03
3.0796502686e+02   3.9026574232e-03
3.0796405029e+02   8.2099169958e-04
3.0796307373e+02  -2.1846337244e-02
3.0796209717e+02  -2.5918610394e-02
3.0796112061e+02   2.5800589472e-02
3.0796014404e+02   1.0067313164e-01
3.0795916748e+02   6.2068600208e-02
3.0795819092e+02  -1.9085470121e-03
3.0795721436e+02   1.0326397605e-03
3.0795623779e+02   2.3325163871e-02
3.0795526123e+02   5.1314430311e-03
3.0795428467e+02  -2.0760927349e-02
3.0795330811e+02  -5.1933865994e-02
3.0795233154e+02  -3.4156065434e-02
3.0795135498e+02  -4.4928602874e-02
3.0795037842e+02  -2.4668166880e-03
3.0794940186e+02   3.2125427388e-03
3.0794842529e+02   3.4356821328e-02
3.0794744873e+02   5.9078037739e-03
3.0794647217e+02   5.2163442597e-03
3.0794549561e+02  -7.2484026896e-04
3.0794451904e+02  -2.3755304515e-02
3.0794354248e+02   1.0086090304e-02
3.0794256592e+02   1.0666008107e-02
3.0794158936e+02   9.2079564929e-02
3.0794061279e+02   1.9345752895e-02
3.0793963623e+02  -1.3694833033e-03
3.0793865967e+02   6.8315401673e-02
3.0793768311e+02   2.3345544934e-02
3.0793670654e+02   1.8059931695e-02
3.0793572998e+02  -1.3523895293e-02
3.0793475342e+02   7.5388741679e-03
3.0793377686e+02   1.4756855555e-02
3.0793280029e+02   1.2216379400e-03
3.0793182373e+02   3.5837493837e-02
3.0793084717e+02   1.6964364797e-02
3.0792987061e+02   2.7255699039e-02
3.0792889404e+02   9.4251735136e-03
3.0792791748e+02  -1.4136153273e-02
3.0792694092e+02  -5.9975460172e-03
3.0792596436e+02  -2.2499805316e-02
3.0792498779e+02  -7.2258743457e-03
3.0792401123e+02  -4.8083133996e-02
3.0792303467e+02   2.0891705528e-02
3.0792205811e+02   3.9330676198e-02
3.0792108154e+02   1.5485358424e-02
3.0792010498e+02   1.5936793759e-02
3.0791912842e+02   1.8454052508e-02
3.0791815186e+02   3.1530959532e-03
3.0791717529e+02   2.7586363256e-02
3.0791619873e+02  -5.2158687264e-02
3.0791522217e+02  -1.9409824163e-02
3.0791424561e+02   1.3211604208e-02
3.0791326904e+02   2.6797320694e-02
3.0791229248e+02   7.9961130396e-03
3.0791131592e+02   7.4247145094e-03
3.0791033936e+02  -1.7507832497e-02
3.0790936279e+02  -6.7158080637e-03
3.0790838623e+02   1.3282478787e-02
3.0790740967e+02   2.2520398721e-02
3.0790643311e+02  -3.1695913523e-02
3.0790545654e+02   3.4290070180e-03
3.0790447998e+02   8.5387090221e-03
3.0790350342e+02   1.6212033806e-03
3.0790252686e+02   1.7008449882e-02
3.0790155029e+02   3.8187474012e-02
3.0790057373e+02   4.5022364706e-02
3.0789959717e+02   2.1437097341e-02
3.0789862061e+02   1.9815763459e-02
3.0789764404e+02   6.4113182016e-03
3.0789666748e+02  -1.0207845829e-02
3.0789569092e+02   2.2464359179e-02
3.0789471436e+02   3.0416708440e-02
3.0789373779e+02   2.6875343174e-02
3.0789276123e+02  -1.2692969758e-03
3.0789178467e+02  -3.2836530358e-02
3.0789080811e+02   1.7634565011e-02
3.0788983154e+02   1.6237093136e-02
3.0788885498e+02   2.2828076908e-04
3.0788787842e+02   1.1202332564e-02
3.0788690186e+02   1.5421806835e-02
3.0788592529e+02  -2.5733521208e-02
3.0788494873e+02   8.5445046425e-03
3.0788397217e+02   2.1497074515e-02
3.0788299561e+02   2.6579845697e-02
3.0788201904e+02   3.7707433105e-02
3.0788104248e+02   1.4030771563e-03
3.0788006592e+02   3.7996130995e-03
3.0787908936e+02   4.1659567505e-02
3.0787811279e+02   1.9295077771e-02
3.0787713623e+02   3.5274799913e-02
3.0787615967e+02   2.3452488706e-02
3.0787518311e+02  -1.6745991306e-03
3.0787420654e+02   1.5910154209e-02
3.0787322998e+02  -3.4910805989e-03
3.0787225342e+02   1.9608989358e-02
3.0787127686e+02   4.2225722224e-02
3.0787030029e+02   3.8117852062e-02
3.0786932373e+02  -4.3721117079e-02
3.0786834717e+02  -6.8904892541e-03
3.0786737061e+02   1.9901521504e-02
3.0786639404e+02  -3.8969960064e-02
3.0786541748e+02   6.4828305040e-04
3.0786444092e+02  -2.2917531896e-03
3.0786346436e+02   3.0026266351e-02
3.0786248779e+02   2.6232788339e-02
3.0786151123e+02  -1.9144698745e-03
3.0786053467e+02  -1.8182607368e-02
3.0785955811e+02  -1.7603125423e-02
3.0785858154e+02  -7.9975876724e-04
3.0785760498e+02  -2.4588532746e-02
3.0785662842e+02  -7.4057481252e-03
3.0785565186e+02   1.9976893440e-02
3.0785467529e+02   6.6421000520e-04
3.0785369873e+02   1.2868984602e-02
3.0785272217e+02   4.8680156469e-02
3.0785174561e+02   8.5847768933e-03
3.0785076904e+02   2.6176075917e-03
3.0784979248e+02   1.7348345369e-02
3.0784881592e+02  -5.5855815299e-03
3.0784783936e+02  -1.0598138906e-02
3.0784686279e+02   1.8278315663e-02
3.0784588623e+02   2.2783199325e-02
3.0784490967e+02  -2.9570644256e-03
3.0784393311e+02   1.2729860842e-02
3.0784295654e+02   1.5535567887e-02
3.0784197998e+02   4.6233828180e-03
3.0784100342e+02   1.6883883625e-02
3.0784002686e+02   2.3148875684e-02
3.0783905029e+02  -1.6581768170e-02
3.0783807373e+02   1.2580681359e-03
3.0783709717e+02   2.4684084579e-02
3.0783612061e+02   3.9902888238e-02
3.0783514404e+02   3.0494291335e-02
3.0783416748e+02   3.2911477610e-03
3.0783319092e+02  -2.0092591643e-02
3.0783221436e+02   1.0792231187e-02
3.0783123779e+02  -1.7691859975e-02
3.0783026123e+02  -3.6984432489e-02
3.0782928467e+02  -2.6104429737e-02
3.0782830811e+02   2.2198359948e-03
3.0782733154e+02   1.2345694005e-02
3.0782635498e+02   3.6492634565e-02
3.0782537842e+02   7.7141926158e-04
3.0782440186e+02   4.6654515900e-03
3.0782342529e+02   5.9577962384e-03
3.0782244873e+02  -1.7148232087e-02
3.0782147217e+02   2.0960126072e-02
3.0782049561e+02   4.3284989893e-02
3.0781951904e+02   4.1758571751e-03
3.0781854248e+02   2.1955616772e-02
3.0781756592e+02   3.2184898853e-02
3.0781658936e+02   1.0861963034e-02
3.0781561279e+02   3.4475163557e-03
3.0781463623e+02   3.7861175835e-02
3.0781365967e+02   1.3958359137e-02
3.0781268311e+02   1.3848399743e-02
3.0781170654e+02   5.6700054556e-03
3.0781072998e+02   5.7912636548e-03
3.0780975342e+02   1.2569055893e-02
3.0780877686e+02  -3.5630002618e-02
3.0780780029e+02  -4.5472871512e-02
3.0780682373e+02  -3.2555431128e-02
3.0780584717e+02  -1.2826547027e-02
3.0780487061e+02  -3.1259581447e-02
3.0780389404e+02   8.9690610766e-03
3.0780291748e+02   2.2578267381e-02
3.0780194092e+02   1.0562676936e-02
3.0780096436e+02  -9.6596535295e-03
3.0779998779e+02   2.8781032190e-02
3.0779901123e+02  -1.1404089630e-02
3.0779803467e+02   8.9400187135e-03
3.0779705811e+02   7.2350460105e-03
3.0779608154e+02   1.7355782911e-02
3.0779510498e+02   1.6683515161e-02
3.0779412842e+02   1.4248407446e-02
3.0779315186e+02  -3.7970931735e-03
3.0779217529e+02   4.0451459587e-02
3.0779119873e+02   4.6754321083e-03
3.0779022217e+02   1.2137288228e-02
3.0778924561e+02   5.9386580251e-03
3.0778826904e+02   2.8163606301e-02
3.0778729248e+02   5.2054386586e-02
3.0778631592e+02   4.7746342607e-03
3.0778533936e+02   3.3045422286e-02
3.0778436279e+02  -2.0845867693e-02
3.0778338623e+02  -4.1436385363e-02
3.0778240967e+02  -3.3933565021e-02
3.0778143311e+02  -3.4468499944e-03
3.0778045654e+02   6.4876247197e-03
3.0777947998e+02  -3.2992141787e-03
3.0777850342e+02   1.9862065092e-03
3.0777752686e+02  -7.0138955489e-03
3.0777655029e+02   2.3986637592e-02
3.0777557373e+02  -1.0667981580e-02
3.0777459717e+02   2.1647654474e-02
3.0777362061e+02   1.4465607703e-02
3.0777264404e+02  -1.3810168952e-02
3.0777166748e+02  -1.2556983158e-02
3.0777069092e+02   9.8885251209e-03
3.0776971436e+02   8.3874752745e-03
3.0776873779e+02   9.2527130619e-03
3.0776776123e+02  -3.6592230201e-02
3.0776678467e+02  -2.4991750717e-02
3.0776580811e+02  -9.2704491690e-03
3.0776483154e+02   1.4960368164e-02
3.0776385498e+02  -9.0960580856e-03
3.0776287842e+02   4.6584540978e-03
3.0776190186e+02  -1.8487242982e-02
3.0776092529e+02  -2.1035319194e-02
3.0775994873e+02   8.9335981756e-03
3.0775897217e+02  -5.1318025216e-03
3.0775799561e+02   1.2297595851e-02
3.0775701904e+02  -3.7923976197e-04
3.0775604248e+02  -1.8316986971e-03
3.0775506592e+02   3.3046718687e-02
3.0775408936e+02  -4.3964842334e-03
3.0775311279e+02  -7.4125500396e-03
3.0775213623e+02  -2.8991855215e-03
3.0775115967e+02  -8.5638100281e-03
3.0775018311e+02  -6.3143572770e-03
3.0774920654e+02  -8.5929632187e-03
3.0774822998e+02  -1.7883107066e-02
3.0774725342e+02  -2.1698748693e-02
3.0774627686e+02  -4.7571707517e-02
3.0774530029e+02   2.9711775482e-02
3.0774432373e+02   9.9475830793e-03
3.0774334717e+02  -2.3840986192e-02
3.0774237061e+02   4.0053040721e-05
3.0774139404e+02  -2.7590645477e-02
3.0774041748e+02   1.7836010084e-02
3.0773944092e+02   1.1220391840e-02
3.0773846436e+02   2.3744170903e-05
3.0773748779e+02  -8.8826790452e-03
3.0773651123e+02  -8.3985356614e-03
3.0773553467e+02   2.3845935240e-02
3.0773455811e+02  -2.0823720843e-03
3.0773358154e+02  -7.5517892838e-03
3.0773260498e+02  -2.8910607100e-02
3.0773162842e+02   1.8853245303e-02
3.0773065186e+02   3.7676859647e-02
3.0772967529e+02   8.1946412101e-03
3.0772869873e+02  -3.5177066457e-04
3.0772772217e+02  -1.5205570497e-02
3.0772671509e+02  -7.5535872020e-03
3.0772573853e+02   3.6849684548e-03
3.0772476196e+02   1.1517860927e-02
3.0772378540e+02   9.2408210039e-03
3.0772280884e+02   3.0543517321e-02
3.0772183228e+02   8.0880187452e-03
3.0772085571e+02  -3.2475132030e-03
3.0771987915e+02   1.9693877548e-03
3.0771890259e+02   1.9247952849e-02
3.0771792603e+02   3.7105686963e-02
3.0771694946e+02   7.9851336777e-03
3.0771597290e+02   2.0173955709e-02
3.0771499634e+02   4.0203230456e-03
3.0771401978e+02   7.8089535236e-03
3.0771304321e+02   4.7356956638e-03
3.0771206665e+02   1.2113604695e-02
3.0771109009e+02  -6.3251014799e-03
3.0771011353e+02   6.1231188010e-04
3.0770913696e+02   3.1910873950e-02
3.0770816040e+02   3.9047761820e-03
3.0770718384e+02  -2.8174588457e-02
3.0770620728e+02  -1.2348571792e-02
3.0770523071e+02  -2.7324878611e-03
3.0770425415e+02   3.5540210083e-03
3.0770327759e+02  -1.1999164708e-02
3.0770230103e+02  -2.3358487524e-03
3.0770132446e+02   5.2471272647e-02
3.0770034790e+02   5.7364590466e-03
3.0769937134e+02  -1.9081745297e-02
3.0769839478e+02  -3.6482341588e-02
3.0769741821e+02  -8.6955353618e-03
3.0769644165e+02  -3.8464546204e-02
3.0769546509e+02   2.4838615209e-02
3.0769448853e+02   3.5507246852e-02
3.0769351196e+02   1.3344724663e-02
3.0769253540e+02   1.3304965571e-02
3.0769155884e+02  -1.0090688244e-02
3.0769058228e+02  -7.9275621101e-03
3.0768960571e+02   5.3383656777e-03
3.0768862915e+02   1.8533469411e-03
3.0768765259e+02  -1.4664991759e-02
3.0768667603e+02   4.1923909448e-03
3.0768569946e+02   4.4262441806e-03
3.0768472290e+02  -2.5943298824e-03
3.0768374634e+02  -2.6747822762e-02
3.0768276978e+02  -2.4936327711e-02
3.0768179321e+02   1.3040255290e-03
3.0768081665e+02  -1.9411362708e-02
3.0767984009e+02  -1.2995543890e-02
3.0767886353e+02   1.4773414470e-02
3.0767788696e+02  -2.1744208410e-02
3.0767691040e+02  -6.8944874220e-03
3.0767593384e+02   1.7055619508e-02
3.0767495728e+02  -2.2974913009e-03
3.0767398071e+02  -9.8404670134e-03
3.0767300415e+02  -7.8141493723e-03
3.0767202759e+02  -2.3283306509e-02
3.0767105103e+02   9.2627666891e-03
3.0767007446e+02   4.0585495532e-02
3.0766909790e+02   2.5045279413e-02
3.0766812134e+02   4.8660814762e-02
3.0766714478e+02   3.8880161941e-02
3.0766616821e+02   5.4579872638e-02
3.0766519165e+02  -1.2324900599e-03
3.0766421509e+02   1.2269677594e-02
3.0766323853e+02   7.1991826408e-03
3.0766226196e+02  -1.3819416985e-02
3.0766128540e+02  -2.9767561704e-02
3.0766030884e+02   5.1145097241e-03
3.0765933228e+02  -4.2938473634e-03
3.0765835571e+02   5.7141028345e-02
3.0765737915e+02   4.0741186589e-02
3.0765640259e+02   5.2256233990e-02
3.0765542603e+02  -1.4463744126e-02
3.0765444946e+02   3.0578626320e-02
3.0765347290e+02  -1.8417628016e-03
3.0765249634e+02   2.1371945739e-02
3.0765151978e+02   4.5443713665e-02
3.0765054321e+02   1.3897403143e-02
3.0764956665e+02  -1.9828025252e-02
3.0764859009e+02  -7.5747976080e-03
3.0764761353e+02  -1.0928193107e-02
3.0764663696e+02   5.3370635957e-02
3.0764566040e+02   4.5731775463e-02
3.0764468384e+02   1.7269872129e-02
3.0764370728e+02   1.3089376502e-02
3.0764273071e+02   1.6841181787e-03
3.0764175415e+02  -7.8207701445e-03
3.0764077759e+02   4.9323304556e-03
3.0763980103e+02   3.9460901171e-03
3.0763882446e+02  -4.4281892478e-02
3.0763784790e+02   4.5510824770e-02
3.0763687134e+02   3.5745929927e-02
3.0763589478e+02  -5.6146709248e-03
3.0763491821e+02   5.8295968920e-03
3.0763394165e+02   3.6845654249e-02
3.0763296509e+02   4.3803080916e-03
3.0763198853e+02  -2.7937747538e-02
3.0763101196e+02   2.3483436555e-02
3.0763003540e+02   2.6009926572e-02
3.0762905884e+02   3.7618320435e-02
3.0762808228e+02   4.5275498182e-02
3.0762710571e+02   4.7160640359e-02
3.0762612915e+02   3.4851152450e-02
3.0762515259e+02   1.8168201670e-02
3.0762417603e+02   2.5891076773e-02
3.0762319946e+02   3.4107424319e-02
3.0762222290e+02  -1.1504992843e-02
3.0762124634e+02   7.4801701121e-03
3.0762026978e+02   2.4476444814e-03
3.0761929321e+02   1.7237555236e-02
3.0761831665e+02   2.9123561457e-02
3.0761734009e+02   7.3315337300e-02
3.0761636353e+02   3.8803525269e-02
3.0761538696e+02   3.7703868002e-02
3.0761441040e+02   5.4583989084e-02
3.0761343384e+02   2.3689479567e-03
3.0761245728e+02   1.4999588020e-02
3.0761148071e+02   2.6933832094e-02
3.0761050415e+02   2.2825639695e-02
3.0760952759e+02   4.0252931416e-02
3.0760855103e+02   5.6555166841e-02
3.0760757446e+02   6.1574965715e-02
3.0760659790e+02   2.6493154466e-02
3.0760562134e+02   3.0404398218e-02
3.0760464478e+02   4.6059198678e-02
3.0760366821e+02   2.8154503554e-02
3.0760269165e+02   4.7050852329e-02
3.0760171509e+02   6.9612331688e-02
3.0760073853e+02   3.7858944386e-02
3.0759976196e+02   1.5733361244e-02
3.0759878540e+02   3.3855844289e-02
3.0759780884e+02   7.0920184255e-02
3.0759683228e+02   7.7514998615e-02
3.0759585571e+02   6.2252927572e-02
3.0759487915e+02   8.4291338921e-02
3.0759390259e+02   7.1496255696e-02
3.0759292603e+02   6.5630160272e-02
3.0759194946e+02   7.5176469982e-02
3.0759097290e+02   1.0440672189e-01
3.0758999634e+02   9.6851982176e-02
3.0758901978e+02   1.3541522622e-01
3.0758804321e+02   1.2286848575e-01
3.0758706665e+02   1.1110417545e-01
3.0758609009e+02   9.5926031470e-02
3.0758511353e+02   1.7456282675e-01
3.0758413696e+02   1.9337289035e-01
3.0758316040e+02   3.0630475283e-01
3.0758218384e+02   2.3130813241e-01
3.0758120728e+02   1.4554068446e-01
3.0758023071e+02   1.6259866953e-01
3.0757925415e+02   1.4934200048e-01
3.0757827759e+02   1.9491028786e-01
3.0757730103e+02   3.1932118535e-01
3.0757632446e+02   2.1541589499e-01
3.0757534790e+02   1.8728621304e-01
3.0757437134e+02   1.2906953692e-01
3.0757339478e+02   1.1119575053e-01
3.0757241821e+02   1.5929159522e-01
3.0757144165e+02   1.3490255177e-01
3.0757046509e+02   1.5238288045e-01
3.0756948853e+02   1.2520453334e-01
3.0756851196e+02   1.1691949517e-01
3.0756753540e+02   1.4416597784e-01
3.0756655884e+02   1.4938312769e-01
3.0756558228e+02   1.7189873755e-01
3.0756460571e+02   1.6660885513e-01
3.0756362915e+02   1.0663115233e-01
3.0756265259e+02   1.0481477529e-01
3.0756167603e+02   1.3801662624e-01
3.0756069946e+02   2.0031729341e-01
3.0755972290e+02   2.8332084417e-01
3.0755874634e+02   2.4779936671e-01
3.0755776978e+02   1.3947495818e-01
3.0755679321e+02   1.0952228308e-01
3.0755581665e+02   9.7325995564e-02
3.0755484009e+02   9.2925980687e-02
3.0755386353e+02   8.5396856070e-02
3.0755288696e+02   9.5794983208e-02
3.0755191040e+02   1.2152224034e-01
3.0755093384e+02   9.9255472422e-02
3.0754995728e+02   8.9416213334e-02
3.0754898071e+02   1.0955853015e-01
3.0754800415e+02   8.8957011700e-02
3.0754702759e+02   7.5879842043e-02
3.0754605103e+02   8.8723041117e-02
3.0754507446e+02   7.5410418212e-02
3.0754409790e+02   6.8372450769e-02
3.0754312134e+02   8.6403533816e-02
3.0754214478e+02   1.0518449545e-01
3.0754116821e+02   8.7669961154e-02
3.0754019165e+02   7.9175330698e-02
3.0753921509e+02   9.4984583557e-02
3.0753823853e+02   9.7587615252e-02
3.0753726196e+02   8.7597884238e-02
3.0753628540e+02   1.0466878861e-01
3.0753530884e+02   1.2925882638e-01
3.0753433228e+02   1.2893174589e-01
3.0753335571e+02   1.0746158659e-01
3.0753237915e+02   1.0040210187e-01
3.0753140259e+02   2.0944884419e-01
3.0753042603e+02   4.1706889868e-01
3.0752944946e+02   2.8167980909e-01
3.0752847290e+02   2.0602339506e-01
3.0752749634e+02   1.7329725623e-01
3.0752651978e+02   1.3995176554e-01
3.0752554321e+02   1.2346814573e-01
3.0752456665e+02   8.6713947356e-02
3.0752359009e+02   1.4930935204e-01
3.0752261353e+02   1.0455434024e-01
3.0752163696e+02   7.9657562077e-02
3.0752066040e+02   1.0239974409e-01
3.0751968384e+02   7.7231436968e-02
3.0751870728e+02   8.0036625266e-02
3.0751773071e+02   8.0492362380e-02
3.0751675415e+02   3.3911027014e-02
3.0751577759e+02   6.4979180694e-02
3.0751480103e+02   7.8058131039e-02
3.0751382446e+02   3.8413003087e-02
3.0751284790e+02   5.9802964330e-02
3.0751187134e+02   6.4690634608e-02
3.0751089478e+02   4.5339301229e-02
3.0750991821e+02   5.1900842227e-03
3.0750894165e+02   1.6474055126e-02
3.0750796509e+02   4.2874194682e-02
3.0750698853e+02   3.7399136927e-03
3.0750601196e+02   1.7458699644e-02
3.0750503540e+02   5.4867181927e-02
3.0750405884e+02   6.5206244588e-02
3.0750308228e+02   3.7052601576e-02
3.0750210571e+02   4.7729246318e-02
3.0750112915e+02   2.0478207618e-02
3.0750015259e+02   1.1690451764e-02
3.0749917603e+02   6.7615374923e-02
3.0749819946e+02   6.8479612470e-02
3.0749722290e+02   5.9832915664e-02
3.0749624634e+02   8.6446600035e-03
3.0749526978e+02  -1.7385784304e-03
3.0749429321e+02   2.2673476487e-02
3.0749331665e+02   1.6252513975e-02
3.0749234009e+02   8.1709221005e-02
3.0749136353e+02   4.6692851931e-02
3.0749038696e+02   5.6964505464e-02
3.0748941040e+02   1.6572505236e-01
3.0748843384e+02   1.3451397419e-01
3.0748745728e+02   4.2474512011e-02
3.0748648071e+02   4.9940943718e-02
3.0748550415e+02   5.1700510085e-02
3.0748452759e+02   5.8897435665e-02
3.0748355103e+02   9.5824012533e-03
3.0748257446e+02   2.4450862780e-02
3.0748159790e+02   5.4325286299e-02
3.0748062134e+02   4.0372956544e-02
3.0747964478e+02   1.0816340335e-02
3.0747866821e+02   5.9912122786e-02
3.0747769165e+02   3.2808590680e-02
3.0747671509e+02   5.0210598856e-02
3.0747573853e+02   7.5124524534e-02
3.0747476196e+02   5.0406787544e-02
3.0747378540e+02   1.6464272514e-02
3.0747280884e+02  -3.7001896999e-04
3.0747183228e+02   1.0878194124e-02
3.0747085571e+02   3.9260033518e-02
3.0746987915e+02   1.9046777859e-02
3.0746890259e+02   9.8237476777e-04
3.0746792603e+02   3.4798141569e-02
3.0746694946e+02   3.5308148712e-02
3.0746597290e+02   5.1621258259e-02
3.0746499634e+02   3.2919805497e-02
3.0746401978e+02   1.3001398183e-02
3.0746304321e+02   6.8904664367e-03
3.0746206665e+02  -1.4252537861e-02
3.0746109009e+02   6.1841607094e-03
3.0746011353e+02   4.0089901537e-02
3.0745913696e+02   2.3980623111e-02
3.0745816040e+02   2.3155515082e-03
3.0745718384e+02  -2.6462309062e-02
3.0745620728e+02  -1.2894734740e-02
3.0745523071e+02   2.5171684101e-02
3.0745425415e+02   5.0234630704e-02
3.0745327759e+02   1.4940746129e-02
3.0745230103e+02  -1.7667194828e-02
3.0745132446e+02   3.9824176580e-02
3.0745034790e+02   6.6676950082e-03
3.0744937134e+02   5.3364271298e-04
3.0744839478e+02   6.4269013703e-02
3.0744741821e+02   1.1477796361e-02
3.0744644165e+02   8.0799069256e-03
3.0744546509e+02  -1.4664166607e-02
3.0744448853e+02   5.1478046225e-04
3.0744351196e+02  -2.3652115837e-02
3.0744253540e+02   1.8410196528e-02
3.0744155884e+02   5.8732167818e-03
3.0744058228e+02   3.6525420845e-02
3.0743960571e+02   2.8093808796e-03
3.0743862915e+02   3.9267651737e-02
3.0743765259e+02   6.5673917532e-02
3.0743667603e+02   9.2391103506e-02
3.0743566895e+02   3.2175339758e-02
3.0743469238e+02   1.1717182584e-02
3.0743371582e+02   5.9751261026e-02
3.0743273926e+02   5.0907514989e-02
3.0743176270e+02   3.3967204392e-02
3.0743078613e+02   5.8996588923e-03
3.0742980957e+02   5.4881654680e-02
3.0742883301e+02   1.7882237211e-02
3.0742785645e+02   3.2686013728e-02
3.0742687988e+02   8.6074275896e-03
3.0742590332e+02   7.1627437137e-03
3.0742492676e+02   2.7580395341e-02
3.0742395020e+02   3.3409230411e-02
3.0742297363e+02   2.5561936200e-03
3.0742199707e+02  -2.6742771268e-02
3.0742102051e+02  -3.3768068999e-02
3.0742004395e+02  -1.0903064162e-02
3.0741906738e+02  -1.8575470895e-02
3.0741809082e+02  -1.2357680127e-02
3.0741711426e+02  -5.6650205515e-03
3.0741613770e+02   8.3512356505e-03
3.0741516113e+02  -3.3455893397e-02
3.0741418457e+02   1.6033299034e-03
3.0741320801e+02  -2.5033323094e-02
3.0741223145e+02  -3.1668145210e-02
3.0741125488e+02   1.1912539601e-02
3.0741027832e+02   3.6550678313e-02
3.0740930176e+02   3.1486574560e-02
3.0740832520e+02   9.7388047725e-03
3.0740734863e+02  -2.0104547963e-02
3.0740637207e+02   1.1650083587e-02
3.0740539551e+02  -6.8021244369e-03
3.0740441895e+02   7.1718106046e-03
3.0740344238e+02   2.2968942299e-02
3.0740246582e+02  -1.2350005098e-02
3.0740148926e+02   1.3039636426e-02
3.0740051270e+02   2.6931528002e-02
3.0739953613e+02   5.6321967393e-02
3.0739855957e+02  -4.3765004375e-04
3.0739758301e+02  -2.6099713519e-02
3.0739660645e+02  -1.9854750484e-02
3.0739562988e+02  -3.3483237028e-02
3.0739465332e+02  -9.2483926564e-03
3.0739367676e+02   2.7096495032e-02
3.0739270020e+02  -5.6120748632e-03
3.0739172363e+02   4.9477177672e-03
3.0739074707e+02   2.2624580190e-02
3.0738977051e+02   3.8806500379e-03
3.0738879395e+02  -1.0648826137e-02
3.0738781738e+02   3.8821341004e-03
3.0738684082e+02  -1.7082363367e-02
3.0738586426e+02   2.9835244641e-03
3.0738488770e+02  -3.8441924844e-03
3.0738391113e+02   1.1716490611e-02
3.0738293457e+02   4.5398148359e-04
3.0738195801e+02   1.4785391279e-02
3.0738098145e+02  -1.3518721797e-02
3.0738000488e+02  -9.7126318142e-03
3.0737902832e+02  -2.1699761972e-02
3.0737805176e+02   1.8225144595e-02
3.0737707520e+02  -2.4728635326e-02
3.0737609863e+02   1.2230130844e-02
3.0737512207e+02   3.2090999186e-02
3.0737414551e+02   6.5733842552e-02
3.0737316895e+02   3.5201150924e-02
3.0737219238e+02   9.1430909932e-02
3.0737121582e+02   4.5848526061e-02
3.0737023926e+02   3.3683128655e-02
3.0736926270e+02   3.1482558697e-02
3.0736828613e+02   1.4022123069e-02
3.0736730957e+02   1.2859649956e-02
3.0736633301e+02   2.3945109919e-02
3.0736535645e+02   2.0256660879e-02
3.0736437988e+02   1.9807569683e-02
3.0736340332e+02   1.0443376377e-02
3.0736242676e+02  -5.6676845998e-03
3.0736145020e+02   2.6687658392e-03
3.0736047363e+02  -1.8283836544e-02
3.0735949707e+02  -1.4875854366e-02
3.0735852051e+02  -2.3715538904e-02
3.0735754395e+02  -4.5585792512e-02
3.0735656738e+02  -2.8313344810e-03
3.0735559082e+02   2.5914136786e-03
3.0735461426e+02   2.2513762116e-02
3.0735363770e+02   3.4506890923e-02
3.0735266113e+02  -1.9578348845e-02
3.0735168457e+02  -4.4121127576e-02
3.0735070801e+02  -1.9425272942e-02
3.0734973145e+02   6.8174581975e-03
3.0734875488e+02  -1.5115280636e-02
3.0734777832e+02  -2.2901317105e-02
3.0734680176e+02  -1.0494754650e-02
3.0734582520e+02  -1.7305508256e-02
3.0734484863e+02   3.2687257044e-03
3.0734387207e+02  -1.5086042695e-02
3.0734289551e+02  -1.4309309423e-02
3.0734191895e+02   4.7743151663e-04
3.0734094238e+02   5.2048735321e-02
3.0733996582e+02   3.5682149231e-02
3.0733898926e+02   5.2197342739e-03
3.0733801270e+02   5.3094346076e-03
3.0733703613e+02  -1.9840458408e-03
3.0733605957e+02  -4.0741614997e-02
3.0733508301e+02   7.8477831557e-03
3.0733410645e+02   3.7307390012e-03
3.0733312988e+02   1.8707042560e-02
3.0733215332e+02   2.4480536580e-02
3.0733117676e+02   1.1298920028e-02
3.0733020020e+02  -3.3763986081e-02
3.0732922363e+02  -7.8271742677e-04
3.0732824707e+02  -3.5913996398e-02
3.0732727051e+02  -2.2864244878e-02
3.0732629395e+02   5.1679802127e-03
3.0732531738e+02  -3.3472355455e-02
3.0732434082e+02  -3.3730123192e-02
3.0732336426e+02  -2.5232814252e-02
3.0732238770e+02   2.2333359346e-02
3.0732141113e+02  -3.4081595950e-03
3.0732043457e+02  -3.2301679254e-02
3.0731945801e+02   3.3686790615e-02
3.0731848145e+02   7.0686503313e-03
3.0731750488e+02  -1.6887255013e-02
3.0731652832e+02  -5.1724980585e-03
3.0731555176e+02  -4.4197952375e-03
3.0731457520e+02  -4.9774018116e-03
3.0731359863e+02  -6.0284607112e-02
3.0731262207e+02  -4.1729815304e-02
3.0731164551e+02   7.9231699929e-03
3.0731066895e+02   1.4365917072e-02
3.0730969238e+02   1.8977314234e-02
3.0730871582e+02   2.7725577354e-02
3.0730773926e+02   2.4187732488e-02
3.0730676270e+02  -1.7817055807e-02
3.0730578613e+02  -1.1171257123e-02
3.0730480957e+02   2.3902079556e-03
3.0730383301e+02  -2.9185093939e-02
3.0730285645e+02  -1.2254933827e-02
3.0730187988e+02   1.6608284786e-02
3.0730090332e+02   4.7671468928e-03
3.0729992676e+02   1.6001763288e-03
3.0729895020e+02   4.2077012360e-02
3.0729797363e+02   3.3001087606e-02
3.0729699707e+02   2.9482239857e-02
3.0729602051e+02   1.0209904984e-02
3.0729504395e+02  -1.7147634178e-02
3.0729406738e+02  -1.2933876365e-02
3.0729309082e+02   1.5072697774e-02
3.0729211426e+02   3.9417404681e-02
3.0729113770e+02   1.4865998179e-02
3.0729016113e+02   3.2228589058e-02
3.0728918457e+02   1.5038078651e-02
3.0728820801e+02   2.1874433383e-02
3.0728723145e+02   4.2560999282e-04
3.0728625488e+02   1.6896087676e-02
3.0728527832e+02  -2.3603189737e-02
3.0728430176e+02   1.2182251550e-02
3.0728332520e+02  -3.1332403421e-02
3.0728234863e+02   3.8554705679e-03
3.0728137207e+02   9.5456289127e-03
3.0728039551e+02  -2.1623050794e-02
3.0727941895e+02  -1.1113576591e-02
3.0727844238e+02  -3.8435028400e-03
3.0727746582e+02  -5.6830037385e-02
3.0727648926e+02   1.4037852176e-02
3.0727551270e+02   2.2127188742e-02
3.0727453613e+02  -5.3118426353e-02
3.0727355957e+02  -3.0111495405e-02
3.0727258301e+02  -1.6076130792e-02
3.0727160645e+02  -1.2594083324e-02
3.0727062988e+02  -3.2035973854e-03
3.0726965332e+02   6.1181569472e-03
3.0726867676e+02  -2.6916615665e-02
3.0726770020e+02  -2.2900041193e-02
3.0726672363e+02  -1.5373318456e-02
3.0726574707e+02  -2.7159446850e-02
3.0726477051e+02  -2.4505289271e-02
3.0726379395e+02   3.5342627671e-03
3.0726281738e+02  -2.0741919056e-02
3.0726184082e+02   2.9802352190e-02
3.0726086426e+02  -3.8546423893e-03
3.0725988770e+02   1.8585858867e-02
3.0725891113e+02   1.3111929409e-02
3.0725793457e+02   1.2592996471e-02
3.0725695801e+02  -1.1069107568e-03
3.0725598145e+02   9.2219915241e-03
3.0725500488e+02   9.1389641166e-03
3.0725402832e+02   1.6532657668e-02
3.0725305176e+02  -2.4447200820e-02
3.0725207520e+02  -2.5774233043e-02
3.0725109863e+02   9.7484076396e-03
3.0725012207e+02   1.0161843151e-02
3.0724914551e+02  -2.0172743127e-02
3.0724816895e+02  -3.8197729737e-02
3.0724719238e+02  -1.8570574000e-02
3.0724621582e+02  -2.0447745919e-02
3.0724523926e+02   3.9960499853e-02
3.0724426270e+02   3.5835658200e-03
3.0724328613e+02  -1.5542763285e-03
3.0724230957e+02  -7.6483269222e-03
3.0724133301e+02  -4.1180185974e-02
3.0724035645e+02  -2.4552429095e-02
3.0723937988e+02  -4.1268938221e-03
3.0723840332e+02  -3.6054175347e-02
3.0723742676e+02   1.2308301404e-02
3.0723645020e+02   1.4784913510e-02
3.0723547363e+02  -6.7503005266e-03
3.0723449707e+02  -9.2561347410e-03
3.0723352051e+02   7.8881724039e-04
3.0723254395e+02   1.9272428472e-03
3.0723156738e+02  -9.2680873349e-03
3.0723059082e+02  -2.4221114814e-02
3.0722961426e+02  -5.6687123142e-03
3.0722863770e+02  -2.0642755553e-02
3.0722766113e+02  -8.3216447383e-03
3.0722668457e+02  -2.9812961817e-02
3.0722570801e+02  -2.6242590975e-03
3.0722473145e+02   1.1893466115e-02
3.0722375488e+02   1.3772608712e-02
3.0722277832e+02  -2.8873130679e-02
3.0722180176e+02   3.3556295093e-03
3.0722082520e+02   6.5746967448e-04
3.0721984863e+02  -3.6549992859e-02
3.0721887207e+02  -1.2322825380e-02
3.0721789551e+02  -6.3502592966e-03
3.0721691895e+02  -1.0953428224e-02
3.0721594238e+02  -3.3880662173e-02
3.0721496582e+02   6.2348865904e-03
3.0721398926e+02   5.1320870407e-03
3.0721301270e+02  -1.1522836052e-02
3.0721203613e+02  -1.5865230933e-02
3.0721105957e+02  -1.2915673666e-02
3.0721008301e+02   1.1178517016e-03
3.0720910645e+02  -1.1070295237e-02
3.0720812988e+02  -1.2517194264e-02
3.0720715332e+02  -2.3989057168e-02
3.0720617676e+02   3.8847553078e-03
3.0720520020e+02   3.9681985974e-02
3.0720422363e+02   1.4936144464e-02
3.0720324707e+02   5.4592911154e-02
3.0720227051e+02   2.4242182262e-03
3.0720129395e+02   9.1011095792e-03
3.0720031738e+02   4.1345208883e-02
3.0719934082e+02  -1.8180914223e-02
3.0719836426e+02  -3.5381630063e-02
3.0719738770e+02   5.5529288948e-03
3.0719641113e+02  -1.4408643357e-02
3.0719543457e+02   6.1327139847e-03
3.0719445801e+02  -2.4405634031e-02
3.0719348145e+02  -8.9331083000e-03
3.0719250488e+02  -2.1560064051e-03
3.0719152832e+02  -2.0978283137e-02
3.0719055176e+02   1.2682752684e-02
3.0718957520e+02  -3.7142660469e-02
3.0718859863e+02  -3.8873128593e-02
3.0718762207e+02  -3.4136947244e-02
3.0718664551e+02  -1.7723133788e-02
3.0718566895e+02  -1.5241019428e-02
3.0718469238e+02   9.4628660008e-03
3.0718371582e+02  -4.3978657573e-02
3.0718273926e+02  -3.9355773479e-02
3.0718176270e+02  -1.4301170595e-02
3.0718078613e+02  -1.5546132810e-02
3.0717980957e+02  -5.5137006566e-03
3.0717883301e+02   1.6566133127e-02
3.0717785645e+02   6.8436097354e-03
3.0717687988e+02  -2.2936260328e-02
3.0717590332e+02   2.8251195326e-02
3.0717492676e+02   1.4858474024e-03
3.0717395020e+02  -5.2350949496e-02
3.0717297363e+02  -1.2771305628e-02
3.0717199707e+02   1.6963208327e-03
3.0717102051e+02  -1.5966821462e-02
3.0717004395e+02   6.4317495562e-03
3.0716906738e+02  -5.7663705200e-02
3.0716809082e+02  -5.7888183743e-02
3.0716711426e+02  -1.4282288961e-02
3.0716613770e+02   4.2058750987e-03
3.0716516113e+02  -4.2289094999e-03
3.0716418457e+02  -2.1051506046e-03
3.0716320801e+02  -6.1492506415e-02
3.0716223145e+02  -6.1564084142e-02
3.0716125488e+02   7.0642499486e-04
3.0716027832e+02  -1.0765282437e-02
3.0715930176e+02   4.1526410729e-02
3.0715832520e+02   2.4354448542e-02
3.0715734863e+02  -1.9483670592e-02
3.0715637207e+02  -2.2172853351e-02
3.0715539551e+02  -3.2401751727e-02
3.0715441895e+02  -1.1810723692e-02
3.0715344238e+02  -2.9290441424e-02
3.0715246582e+02  -8.2539722323e-02
3.0715148926e+02  -2.3610170931e-02
3.0715051270e+02  -2.7978532016e-02
3.0714953613e+02  -3.9799802005e-02
3.0714855957e+02  -1.8695030361e-02
3.0714758301e+02  -4.1884705424e-02
3.0714660645e+02  -1.7544180155e-02
3.0714562988e+02  -9.2439390719e-03
3.0714462280e+02  -3.1988841947e-03
3.0714364624e+02  -3.9176298305e-03
3.0714266968e+02   3.8947022986e-03
3.0714169312e+02  -3.5974117927e-03
3.0714071655e+02   9.7426511347e-03
3.0713973999e+02   4.2112870142e-03
3.0713876343e+02  -6.5829142928e-02
3.0713778687e+02  -4.0707305074e-02
3.0713681030e+02   5.7979319245e-03
3.0713583374e+02   4.2925551534e-03
3.0713485718e+02  -1.6746776178e-02
3.0713388062e+02  -3.9680197835e-02
3.0713290405e+02  -3.5919867456e-02
3.0713192749e+02  -3.9622850716e-02
3.0713095093e+02  -4.3061967939e-02
3.0712997437e+02   7.4421390891e-03
3.0712899780e+02  -2.4977637455e-02
3.0712802124e+02  -4.2060676962e-02
3.0712704468e+02  -5.7957716286e-02
3.0712606812e+02  -5.7806570083e-02
3.0712509155e+02  -3.3151317388e-02
3.0712411499e+02  -9.2368256301e-03
3.0712313843e+02  -2.9657899868e-03
3.0712216187e+02  -4.8179882579e-03
3.0712118530e+02  -3.9372973144e-02
3.0712020874e+02  -2.5671817362e-02
3.0711923218e+02  -1.7823733389e-02
3.0711825562e+02  -4.8812709749e-02
3.0711727905e+02   9.5839174464e-03
3.0711630249e+02   1.7988960026e-03
3.0711532593e+02   2.7639094740e-02
3.0711434937e+02   5.0946825650e-04
3.0711337280e+02  -2.8064545244e-02
3.0711239624e+02   1.2736430392e-02
3.0711141968e+02  -1.0136574507e-02
3.0711044312e+02  -2.4424569681e-02
3.0710946655e+02  -4.3314155191e-03
3.0710848999e+02   1.2991948985e-02
3.0710751343e+02  -1.8803127110e-02
3.0710653687e+02   1.1664260179e-02
3.0710556030e+02  -7.5447447598e-03
3.0710458374e+02   6.1289989389e-03
3.0710360718e+02  -3.1278327107e-02
3.0710263062e+02  -3.5318706185e-02
3.0710165405e+02  -6.4139068127e-02
3.0710067749e+02  -2.5495892391e-02
3.0709970093e+02  -1.4175902121e-02
3.0709872437e+02  -5.3892139345e-02
3.0709774780e+02   1.4934447594e-02
3.0709677124e+02  -8.9724920690e-03
3.0709579468e+02  -1.5570710413e-02
3.0709481812e+02  -4.9779787660e-02
3.0709384155e+02  -2.3356799036e-02
3.0709286499e+02  -2.4375252426e-02
3.0709188843e+02   1.3270600466e-03
3.0709091187e+02  -2.7469052002e-02
3.0708993530e+02  -4.1976600885e-02
3.0708895874e+02  -9.5741767436e-03
3.0708798218e+02  -1.7410960048e-02
3.0708700562e+02  -4.6964045614e-02
3.0708602905e+02  -3.3136043698e-02
3.0708505249e+02   1.8189845607e-02
3.0708407593e+02   1.8569203094e-02
3.0708309937e+02   3.7186197005e-03
3.0708212280e+02  -3.9509367198e-02
3.0708114624e+02  -4.7050323337e-02
3.0708016968e+02   1.4848952414e-03
3.0707919312e+02  -3.1244589016e-02
3.0707821655e+02  -3.1085938215e-02
3.0707723999e+02   4.3145292439e-03
3.0707626343e+02   4.4611599296e-03
3.0707528687e+02  -5.8520101011e-02
3.0707431030e+02  -1.7932759598e-02
3.0707333374e+02  -1.3062647544e-02
3.0707235718e+02  -6.7795783281e-02
3.0707138062e+02  -1.1894810013e-02
3.0707040405e+02   2.8154382482e-02
3.0706942749e+02  -4.0881786495e-02
3.0706845093e+02   1.2282428332e-02
3.0706747437e+02  -9.4571930822e-04
3.0706649780e+02  -1.0899543995e-03
3.0706552124e+02  -2.7914408594e-02
3.0706454468e+02  -1.0147305205e-02
3.0706356812e+02  -2.1626694128e-02
3.0706259155e+02  -1.9918363541e-02
3.0706161499e+02  -1.4677545987e-02
3.0706063843e+02  -3.7311468273e-02
3.0705966187e+02  -1.7067201436e-02
3.0705868530e+02   8.2965260372e-03
3.0705770874e+02  -1.2006757781e-02
3.0705673218e+02  -2.5959361345e-02
3.0705575562e+02  -2.5573069230e-02
3.0705477905e+02   1.8384149298e-02
3.0705380249e+02   3.4018752631e-03
3.0705282593e+02  -5.1733806729e-02
3.0705184937e+02  -1.8738912418e-02
3.0705087280e+02  -4.1957352310e-02
3.0704989624e+02  -6.6761141643e-03
3.0704891968e+02   2.0215693861e-02
3.0704794312e+02  -3.0673844740e-02
3.0704696655e+02  -3.2144811004e-02
3.0704598999e+02  -4.4631524943e-03
3.0704501343e+02  -1.1086151935e-02
3.0704403687e+02   8.8562043384e-03
3.0704306030e+02  -1.6126828268e-02
3.0704208374e+02   5.1006935537e-03
3.0704110718e+02   7.9444916919e-03
3.0704013062e+02  -1.8944211304e-02
3.0703915405e+02  -3.9247173816e-02
3.0703817749e+02  -7.8419543803e-02
3.0703720093e+02  -2.0470999181e-02
3.0703622437e+02   1.6161583364e-02
3.0703524780e+02  -8.2693248987e-03
3.0703427124e+02  -7.1798744611e-03
3.0703329468e+02  -4.7694188543e-03
3.0703231812e+02  -5.7694636285e-02
3.0703134155e+02  -1.7748789862e-02
3.0703036499e+02  -1.8619630486e-02
3.0702938843e+02  -9.2031108215e-03
3.0702841187e+02   3.6885689944e-02
3.0702743530e+02  -5.8352164924e-03
3.0702645874e+02  -2.6368234307e-02
3.0702548218e+02  -4.5411471277e-02
3.0702450562e+02  -4.9772370607e-02
3.0702352905e+02  -8.4505584091e-03
3.0702255249e+02  -4.1314759292e-03
3.0702157593e+02  -2.7398629114e-02
3.0702059937e+02  -6.2071303837e-03
3.0701962280e+02  -3.1462749466e-03
3.0701864624e+02  -1.4335440472e-02
3.0701766968e+02   1.6848295927e-02
3.0701669312e+02  -2.7398686856e-02
3.0701571655e+02  -3.7789974362e-02
3.0701473999e+02  -2.3002879694e-02
3.0701376343e+02   1.6229275614e-02
3.0701278687e+02  -3.3877260983e-02
3.0701181030e+02  -3.4369941801e-02
3.0701083374e+02  -1.0508547537e-02
3.0700985718e+02  -2.2300686687e-02
3.0700888062e+02  -3.4595880657e-02
3.0700790405e+02  -1.9279045984e-02
3.0700692749e+02   1.9131813198e-02
3.0700595093e+02   1.0444854386e-02
3.0700497437e+02  -2.7238080278e-02
3.0700399780e+02  -5.5670332164e-02
3.0700302124e+02  -3.5810861737e-02
3.0700204468e+02   1.9146189094e-02
3.0700106812e+02   4.4343795627e-02
3.0700009155e+02   1.6987720504e-02
3.0699911499e+02  -8.1247445196e-03
3.0699813843e+02  -2.4870794266e-02
3.0699716187e+02  -2.1922715008e-02
3.0699618530e+02  -2.5949973613e-02
3.0699520874e+02  -3.5030685365e-02
3.0699423218e+02  -4.7233007848e-02
3.0699325562e+02  -3.7223376334e-02
3.0699227905e+02  -1.2108882889e-02
3.0699130249e+02   1.6370214871e-04
3.0699032593e+02  -6.1335745268e-03
3.0698934937e+02  -8.3440467715e-03
3.0698837280e+02  -2.9490130022e-02
3.0698739624e+02  -5.3096618503e-02
3.0698641968e+02  -1.3152427971e-02
3.0698544312e+02  -7.4271834455e-03
3.0698446655e+02  -2.8839189559e-02
3.0698348999e+02  -3.6384832114e-02
3.0698251343e+02  -7.4038475752e-02
3.0698153687e+02  -2.8844758868e-02
3.0698056030e+02  -7.5123715214e-03
3.0697958374e+02  -5.4275184870e-02
3.0697860718e+02   5.8687804267e-03
3.0697763062e+02   1.3306380250e-02
3.0697665405e+02  -1.3231690042e-02
3.0697567749e+02   1.7676208168e-02
3.0697470093e+02   4.6339724213e-02
3.0697372437e+02  -1.8477763981e-02
3.0697274780e+02  -1.2108764611e-02
3.0697177124e+02  -2.4128248915e-02
3.0697079468e+02  -6.2078870833e-02
3.0696981812e+02  -5.4066661745e-02
3.0696884155e+02  -2.1668419242e-02
3.0696786499e+02  -1.6760585830e-02
3.0696688843e+02  -2.9705438763e-02
3.0696591187e+02  -9.9814273417e-03
3.0696493530e+02  -1.1807933915e-03
3.0696395874e+02   2.7313006576e-03
3.0696298218e+02   1.7536789179e-02
3.0696200562e+02   2.8389280662e-02
3.0696102905e+02  -7.4801207520e-03
3.0696005249e+02   8.0116448225e-04
3.0695907593e+02  -6.0389600694e-03
3.0695809937e+02  -5.4465285502e-03
3.0695712280e+02  -4.3823856860e-02
3.0695614624e+02  -4.8481270671e-02
3.0695516968e+02  -2.6433728635e-02
3.0695419312e+02   4.3117571622e-03
3.0695321655e+02  -6.0402601957e-02
3.0695223999e+02  -4.2162202299e-02
3.0695126343e+02   1.3031201670e-03
3.0695028687e+02   9.3728341162e-03
3.0694931030e+02  -6.8884273060e-03
3.0694833374e+02  -1.5344579879e-05
3.0694735718e+02  -3.6758780479e-03
3.0694638062e+02  -1.1025977321e-02
3.0694540405e+02  -5.1804486662e-02
3.0694442749e+02  -3.4383147955e-02
3.0694345093e+02  -2.2464491427e-02
3.0694247437e+02  -6.0983644798e-03
3.0694149780e+02   1.5184560791e-02
3.0694052124e+02  -2.2700414062e-02
3.0693954468e+02  -1.2303685769e-02
3.0693856812e+02  -5.4046828300e-02
3.0693759155e+02  -2.0473346114e-02
3.0693661499e+02  -2.1934175864e-02
3.0693563843e+02  -2.1011536941e-02
3.0693466187e+02  -5.3988523781e-02
3.0693368530e+02  -1.7152249813e-02
3.0693270874e+02  -2.1260142326e-02
3.0693173218e+02  -2.5465318467e-03
3.0693075562e+02   1.3456701301e-02
3.0692977905e+02  -3.6773778498e-02
3.0692880249e+02  -2.9211107641e-02
3.0692782593e+02  -3.7222404033e-02
3.0692684937e+02  -8.3805158734e-02
3.0692587280e+02  -4.8591151834e-02
3.0692489624e+02  -1.0011960566e-01
3.0692391968e+02  -5.9745699167e-02
