#title: Spectral profile 
#region (world): Ellipse[[16:05:06.711, -18d34m36.988], [16:05:06.584, -18d34m35.168]]
#region (pixel): Ellipse[[54, 54], [72, 73]]
#coordinate: world
#xLabel: frequency [GHz]
#yLabel: [Jy] Flux Density

4.6358486938e+02   5.7532634586e-02
4.6358877563e+02   1.0812063515e-01
4.6359268188e+02   9.1846168041e-02
4.6359658813e+02   8.8105462492e-02
4.6360049438e+02   1.0681538284e-01
4.6360440063e+02   1.5607289970e-01
4.6360830688e+02   1.1245572567e-01
4.6361221313e+02   6.0449551791e-02
4.6361611938e+02   1.7452237010e-01
4.6362002563e+02   1.3233256340e-01
4.6362393188e+02   8.2295827568e-02
4.6362783813e+02   8.9195430279e-02
4.6363174438e+02   4.2838513851e-02
4.6363565063e+02   8.9199036360e-02
4.6363955688e+02   2.7424886823e-02
4.6364346313e+02   1.0965336859e-01
4.6364736938e+02   1.0741154104e-01
4.6365127563e+02   5.8513592929e-02
4.6365518188e+02   1.3669325411e-01
4.6365908813e+02   1.4593701065e-01
4.6366299438e+02   1.4193168283e-01
4.6366690063e+02   1.1215866357e-01
4.6367080688e+02   1.3090461493e-01
4.6367471313e+02   1.2592537701e-01
4.6367861938e+02   8.6344756186e-02
4.6368252563e+02   1.8599909544e-01
4.6368643188e+02   2.1869704127e-01
4.6369033813e+02   1.4070768654e-01
4.6369424438e+02   2.4987688661e-01
4.6369815063e+02   2.5467750430e-01
4.6370205688e+02   2.0136383176e-01
4.6370596313e+02   1.3899695873e-01
4.6370986938e+02   2.7856048942e-01
4.6371377563e+02   9.8083180189e-01
4.6371768188e+02   7.0559465885e-01
4.6372155762e+02   3.0783766508e-01
4.6372546387e+02   2.2622849047e-01
4.6372937012e+02   1.9625121355e-01
4.6373327637e+02   1.7375294864e-01
4.6373718262e+02   1.5720321238e-01
4.6374108887e+02   1.3964262605e-01
4.6374499512e+02   1.2092570961e-01
4.6374890137e+02   8.9965410531e-02
4.6375280762e+02   9.7473859787e-02
4.6375671387e+02   9.1257296503e-02
4.6376062012e+02   9.3741230667e-02
4.6376452637e+02   4.2517419904e-02
4.6376843262e+02  -4.1385814548e-02
4.6377233887e+02   1.6264332831e-01
4.6377624512e+02   6.2698438764e-02
4.6378015137e+02   9.6140854061e-02
4.6378405762e+02   1.3481006026e-01
4.6378796387e+02   1.3389870524e-01
4.6379187012e+02   1.1732234061e-01
4.6379577637e+02   1.1200526357e-01
4.6379968262e+02   8.5029564798e-03
4.6380358887e+02   2.9380721971e-02
4.6380749512e+02   7.3385260999e-02
4.6381140137e+02   3.7519332021e-02
4.6381530762e+02   8.3737067878e-02
4.6381921387e+02   5.1524221897e-02
4.6382312012e+02   8.0794773996e-02
4.6382702637e+02   9.8400287330e-02
4.6383093262e+02   2.0743472502e-02
4.6383483887e+02   3.4476775676e-02
4.6383874512e+02   1.9667848945e-02
4.6384265137e+02   1.5266445465e-02
4.6384655762e+02   3.1640783418e-03
4.6385046387e+02   5.6781709194e-02
4.6385437012e+02   3.0454019085e-02
4.6385827637e+02   1.6988622025e-02
4.6386218262e+02   2.5045050308e-02
4.6386608887e+02   7.2906889021e-02
4.6386999512e+02   7.7520008199e-03
4.6387390137e+02   1.1894847453e-01
4.6387780762e+02   1.4474984258e-02
4.6388171387e+02   3.2200615853e-02
4.6388562012e+02   3.1887210906e-02
4.6388952637e+02   3.8029443473e-02
4.6389343262e+02   1.1249972880e-01
4.6389733887e+02  -3.3270820975e-02
4.6390124512e+02   5.8198537678e-02
4.6390515137e+02   5.7266596705e-02
4.6390905762e+02   5.1108524203e-02
4.6391296387e+02   6.0088923201e-03
4.6391687012e+02   4.5810531825e-02
4.6392077637e+02   1.0445410758e-01
4.6392468262e+02   7.2820879519e-02
4.6392858887e+02   8.0467998981e-02
4.6393249512e+02   9.0736940503e-02
4.6393640137e+02   4.6203177422e-02
4.6394030762e+02   7.7471412718e-02
4.6394421387e+02   1.0167871416e-01
4.6394812012e+02   1.9741576165e-02
4.6395202637e+02   7.4622884393e-02
4.6395593262e+02   4.7824315727e-02
4.6395983887e+02   9.6350923181e-02
4.6396374512e+02   7.3840811849e-02
4.6396765137e+02   2.4835912511e-02
4.6397155762e+02   3.3424947411e-02
4.6397546387e+02   6.9702647626e-02
4.6397937012e+02   2.6552062482e-02
4.6398327637e+02  -1.5769453719e-02
4.6398718262e+02   2.4928512052e-02
4.6399108887e+02   3.8636438549e-02
4.6399499512e+02   3.7576451898e-02
4.6399890137e+02   3.8648020476e-02
4.6400280762e+02  -1.7491322011e-02
4.6400671387e+02  -1.8834074959e-02
4.6401062012e+02   3.9242375642e-02
4.6401452637e+02   5.2045024931e-02
4.6401843262e+02  -1.8403980881e-02
4.6402233887e+02  -2.5648964569e-02
4.6402624512e+02   7.5142499991e-03
4.6403015137e+02   3.5543635488e-02
4.6403405762e+02   1.3964230195e-02
4.6403796387e+02  -2.9915643856e-02
4.6404187012e+02   2.7078170329e-02
4.6404577637e+02   7.0315606892e-02
4.6404968262e+02   2.2116011009e-02
4.6405358887e+02   3.1792629510e-02
4.6405749512e+02   4.0150977671e-02
4.6406140137e+02   2.4685485289e-02
4.6406530762e+02   7.4477933347e-02
4.6406921387e+02   5.1450099796e-02
4.6407312012e+02   4.8275411129e-02
4.6411999512e+02   9.8270542920e-02
4.6412390137e+02   5.6189853698e-02
4.6412780762e+02   4.7684121877e-02
4.6413171387e+02  -1.3775002444e-03
4.6413562012e+02   4.4126294553e-02
4.6413952637e+02   6.4004346728e-02
4.6414343262e+02  -1.9598213956e-02
4.6414733887e+02   1.4651863836e-02
4.6415124512e+02   3.9359997958e-02
4.6415515137e+02   6.7775980569e-03
4.6415905762e+02  -8.4486855194e-03
4.6416296387e+02   6.4767807722e-02
4.6416687012e+02   3.1852684915e-02
4.6417077637e+02   3.8639485836e-02
4.6417468262e+02   1.0809783824e-02
4.6417858887e+02  -5.7105205953e-02
4.6418249512e+02   9.1151725501e-03
4.6418640137e+02  -1.9571620971e-02
4.6419030762e+02  -1.3070220128e-02
4.6419421387e+02   1.2405256275e-03
4.6419812012e+02   1.0758862644e-01
4.6420202637e+02   6.0451231897e-02
4.6420593262e+02  -6.5001130104e-02
4.6420983887e+02  -6.3011072576e-02
4.6421374512e+02   1.6482952982e-02
4.6421765137e+02   6.0586828738e-02
4.6422155762e+02   5.2111476660e-02
4.6422546387e+02  -6.7255352624e-03
4.6422937012e+02   4.4243201613e-02
4.6423327637e+02   3.2371092588e-02
4.6423718262e+02   1.3597826473e-02
4.6424108887e+02   6.9303274155e-02
4.6424499512e+02   6.9788038731e-02
4.6424890137e+02  -2.6427231729e-02
4.6425280762e+02   2.8897847980e-02
4.6425671387e+02   7.4026256800e-02
4.6426062012e+02   1.7152519897e-02
4.6426452637e+02   8.3304215223e-03
4.6426843262e+02   1.1007068306e-01
4.6427233887e+02   1.5281779924e-03
4.6427624512e+02   1.1580490321e-01
4.6428015137e+02   5.3420491517e-02
4.6428405762e+02  -1.6413962003e-03
4.6428796387e+02   1.0451579466e-02
4.6429187012e+02   4.4094449840e-03
4.6429577637e+02   9.2733791098e-03
4.6429968262e+02   4.5325722545e-02
4.6430358887e+02   1.0326657211e-03
4.6430749512e+02   2.5908669457e-02
4.6431140137e+02  -2.2489119321e-02
4.6431530762e+02   1.2761223130e-02
4.6431921387e+02   2.1715026349e-02
4.6432312012e+02   1.1804719456e-02
4.6432702637e+02  -2.6645688340e-02
4.6433093262e+02   3.4503392875e-02
4.6433483887e+02  -8.1694774330e-02
4.6433874512e+02  -7.4013420381e-03
4.6434265137e+02  -2.5462595746e-02
4.6434655762e+02   6.3035756350e-02
4.6435046387e+02   2.4494647980e-02
4.6435437012e+02   7.5823380612e-03
4.6435827637e+02  -5.0740800798e-02
4.6436218262e+02  -4.8427913338e-02
4.6436608887e+02   3.2798592001e-02
4.6436999512e+02  -1.7309855670e-02
4.6437390137e+02  -4.1799545288e-03
4.6437780762e+02  -4.9231734127e-02
4.6438171387e+02   2.8644420207e-02
4.6438562012e+02  -2.6920001954e-02
4.6438952637e+02  -1.8422655761e-02
4.6439343262e+02  -3.8102097809e-02
4.6439733887e+02  -2.6850104332e-02
4.6440124512e+02  -7.2349332273e-02
4.6440515137e+02   1.4301900752e-02
4.6440905762e+02  -5.5911615491e-02
4.6441296387e+02  -1.0362442583e-02
4.6441687012e+02  -6.3454702497e-02
4.6442077637e+02   5.0077296793e-02
4.6442468262e+02  -2.8982529417e-02
4.6442858887e+02   3.5298552364e-02
4.6443249512e+02   2.8588069603e-02
4.6443640137e+02   6.8708740175e-02
4.6444030762e+02  -8.6821435252e-04
4.6444421387e+02   5.4717589170e-02
4.6444812012e+02  -3.5448569804e-02
4.6445202637e+02   2.6136584580e-02
4.6445593262e+02  -3.8852810394e-03
4.6445983887e+02  -3.0168538913e-02
4.6446374512e+02   2.3060278967e-02
4.6446765137e+02   2.7514426038e-02
4.6447155762e+02   5.5864725262e-02
4.6447546387e+02  -2.6580061764e-02
4.6447937012e+02   8.7712965906e-03
4.6448327637e+02  -3.7611860782e-02
4.6448718262e+02  -5.7211868465e-02
4.6449108887e+02  -3.6307234317e-02
4.6449499512e+02  -3.2745070755e-02
4.6449890137e+02  -3.5897683352e-02
4.6450280762e+02  -5.7582758367e-02
4.6450671387e+02  -3.3152975142e-02
4.6451062012e+02  -4.0685135871e-02
4.6451452637e+02  -3.0283173546e-03
4.6451843262e+02  -1.7916081473e-02
4.6452233887e+02  -4.9012858421e-02
4.6452624512e+02  -1.4441508800e-02
4.6453015137e+02   9.1565605253e-03
4.6453405762e+02  -2.6679782197e-02
4.6453796387e+02  -6.3763700426e-02
4.6454187012e+02   4.1584603488e-02
4.6454577637e+02  -4.2893208563e-02
4.6454968262e+02   5.4604381323e-02
4.6455358887e+02   2.9082775116e-02
4.6455749512e+02   1.7927723005e-02
4.6456140137e+02   7.0981113240e-03
4.6456530762e+02  -1.0274844244e-02
4.6456921387e+02   2.5986248627e-02
4.6457312012e+02  -2.5853710249e-02
4.6457702637e+02  -5.8358602226e-02
4.6458093262e+02   6.4599048346e-03
4.6458483887e+02   8.7355263531e-03
4.6458874512e+02   4.2659072205e-03
4.6459265137e+02  -5.3955439478e-02
4.6459655762e+02  -3.1906075776e-02
4.6460046387e+02  -5.0129044801e-02
4.6460437012e+02  -9.5908284187e-02
4.6460827637e+02  -4.6767849475e-02
4.6461218262e+02  -2.3034331389e-03
4.6461608887e+02  -4.7749985009e-02
4.6461999512e+02  -4.9345061183e-02
4.6462390137e+02  -4.2720977217e-02
4.6462780762e+02   1.9719328731e-02
4.6463171387e+02   7.7720701694e-02
4.6463562012e+02  -1.8551829271e-03
4.6463952637e+02  -7.7991620637e-03
4.6464343262e+02  -4.2625755072e-02
4.6464733887e+02  -6.3110753894e-02
4.6465124512e+02   6.4845301677e-04
4.6465515137e+02   3.2578740269e-02
4.6465905762e+02  -9.0936860070e-03
4.6466296387e+02   4.3660644442e-03
4.6466687012e+02  -3.0759040266e-02
4.6467077637e+02  -1.5078699216e-02
4.6467468262e+02  -4.6362157911e-02
4.6467858887e+02  -3.0023097992e-02
4.6468249512e+02  -5.2000336349e-02
4.6468640137e+02   3.8744617254e-02
4.6469030762e+02  -7.5533175841e-03
4.6469421387e+02  -5.1761690527e-02
4.6469812012e+02  -7.6201729476e-02
4.6470202637e+02  -3.3996667713e-02
4.6470593262e+02   1.7103742808e-02
4.6470983887e+02  -6.0419958085e-02
4.6471374512e+02  -5.5930092931e-03
4.6471765137e+02  -2.8268324211e-02
4.6472155762e+02  -5.8921337128e-02
4.6472546387e+02   2.4031333625e-02
4.6472937012e+02   1.5790117905e-03
4.6473327637e+02  -1.9930049777e-02
4.6473718262e+02  -2.1233364940e-02
4.6474108887e+02   8.0759655684e-03
4.6474499512e+02   4.2765460908e-02
4.6474890137e+02  -5.8075231500e-03
4.6475280762e+02  -8.9120247867e-04
4.6475671387e+02  -3.9629742503e-02
4.6476062012e+02  -4.2779076844e-02
4.6476452637e+02  -4.4515062124e-02
4.6476843262e+02  -4.9104191363e-02
4.6477233887e+02  -6.1064500362e-02
4.6477624512e+02   2.2639846429e-02
4.6478015137e+02   2.5682663545e-02
4.6478405762e+02  -4.1783541441e-02
4.6478796387e+02  -3.5110749304e-02
4.6479187012e+02   2.9829643667e-02
4.6479577637e+02  -4.9762919545e-02
4.6479968262e+02  -5.1099680364e-02
4.6480358887e+02  -4.9778208137e-02
4.6480749512e+02  -3.6981929094e-02
4.6481140137e+02  -2.4947537109e-02
4.6481530762e+02  -6.1481324956e-03
4.6481921387e+02  -1.3294102624e-02
4.6482312012e+02   5.6704729795e-03
4.6482702637e+02  -6.1807904392e-02
4.6483093262e+02   3.7677709013e-02
4.6483483887e+02  -1.6450515017e-02
4.6483874512e+02   8.7695652619e-03
4.6484265137e+02   1.6031435225e-03
4.6484655762e+02   1.8128174543e-01
4.6485046387e+02   8.4798261523e-02
4.6485437012e+02  -4.3069727719e-02
4.6485827637e+02   5.1960989833e-02
4.6486218262e+02  -8.0935254693e-02
4.6486608887e+02  -4.7384224832e-02
4.6486999512e+02  -3.4287627786e-03
4.6487390137e+02   1.0232774541e-02
4.6487780762e+02  -5.2117303014e-02
4.6488171387e+02   3.3129375428e-02
4.6488562012e+02  -3.7743978202e-02
4.6488952637e+02   4.5914243907e-02
4.6489343262e+02  -3.8292486221e-02
4.6489733887e+02  -7.7409176156e-03
4.6490124512e+02  -2.8017491102e-02
4.6490515137e+02  -3.8209021091e-02
4.6490905762e+02  -3.8938045502e-02
4.6491296387e+02  -3.2110124826e-02
4.6491687012e+02  -1.9765118137e-02
4.6492077637e+02   2.1280983463e-02
4.6492468262e+02   5.2058100700e-03
4.6492858887e+02   1.8090449274e-02
4.6493249512e+02  -2.2379953414e-02
4.6493640137e+02   1.0162902065e-02
4.6494030762e+02  -4.0578311309e-03
4.6494418335e+02  -2.3984564468e-02
4.6494808960e+02  -2.9251020402e-02
4.6495199585e+02   3.9307069033e-02
4.6495590210e+02  -1.7748236656e-02
4.6495980835e+02  -2.9954703525e-02
4.6496371460e+02  -1.3787745498e-02
4.6496762085e+02  -4.5155916363e-02
4.6497152710e+02   9.9601913244e-03
4.6497543335e+02  -2.2709958255e-02
4.6497933960e+02   1.3706487603e-02
4.6498324585e+02   1.4668676071e-02
4.6498715210e+02  -3.3654730767e-02
4.6499105835e+02  -5.8430571109e-02
4.6499496460e+02  -1.0853559710e-02
4.6499887085e+02   2.3221151903e-02
4.6500277710e+02  -1.5216778032e-02
4.6500668335e+02  -4.1205048561e-02
4.6501058960e+02  -2.6823865250e-02
4.6501449585e+02  -7.4598878622e-02
4.6501840210e+02  -4.8714887351e-02
4.6502230835e+02  -2.0792245865e-02
4.6502621460e+02  -5.6036233902e-02
4.6503012085e+02   1.6259000404e-04
4.6503402710e+02  -6.6287688911e-02
4.6503793335e+02  -8.3385296166e-03
4.6504183960e+02  -9.2331714928e-02
4.6504574585e+02  -2.4028414860e-02
4.6504965210e+02  -2.6059260592e-02
4.6505355835e+02   1.1080781929e-02
4.6505746460e+02  -4.5811817050e-02
4.6506137085e+02  -7.2871573269e-02
4.6506527710e+02  -7.8556343913e-02
4.6506918335e+02  -3.9462279528e-02
4.6507308960e+02  -9.7905667499e-03
4.6507699585e+02  -4.1740946472e-03
4.6508090210e+02  -5.4276599549e-03
4.6508480835e+02  -6.2360528857e-02
4.6508871460e+02   2.8608141001e-03
4.6509262085e+02  -3.3050995320e-02
4.6509652710e+02  -2.4310518056e-02
4.6510043335e+02   3.4019567072e-02
4.6510433960e+02   7.8066107817e-03
4.6510824585e+02   1.3043026440e-02
4.6511215210e+02  -5.1554244012e-02
4.6511605835e+02  -2.3791538551e-02
4.6511996460e+02   2.0422421396e-02
4.6512387085e+02   3.2933473587e-02
4.6512777710e+02  -5.2289743908e-03
4.6513168335e+02  -1.5589104965e-02
4.6513558960e+02  -4.6141434461e-02
4.6513949585e+02  -1.2675060891e-02
4.6514340210e+02  -2.2390138358e-02
4.6514730835e+02  -7.1521857753e-03
4.6515121460e+02  -7.5192493387e-03
4.6515512085e+02  -4.4065907598e-02
4.6515902710e+02   9.1607414186e-02
4.6516293335e+02  -2.9369959608e-02
4.6516683960e+02   3.8740500808e-02
4.6517074585e+02  -2.0529072732e-02
4.6517465210e+02  -2.0648977079e-04
4.6517855835e+02  -2.0910581574e-02
4.6518246460e+02   5.9190522879e-03
4.6518637085e+02   3.4218177199e-02
4.6519027710e+02  -8.6680576205e-03
4.6519418335e+02   3.9882466197e-02
4.6519808960e+02  -3.0576258898e-02
4.6520199585e+02  -8.0274932086e-02
4.6520590210e+02  -2.9838673770e-02
4.6520980835e+02   4.4962354004e-02
4.6521371460e+02  -2.9217969626e-02
4.6521762085e+02  -2.7271088213e-02
4.6522152710e+02   2.5563139468e-02
4.6522543335e+02   2.4280823767e-02
4.6522933960e+02  -5.3074439056e-03
4.6523324585e+02   7.8374512494e-02
4.6523715210e+02   6.9163605571e-02
4.6524105835e+02   7.1222782135e-02
4.6524496460e+02   4.3609533459e-02
4.6524887085e+02   1.4230176806e-01
4.6525277710e+02   1.2895201147e-01
4.6525668335e+02   1.1765617877e-02
4.6526058960e+02   7.3955334723e-02
4.6526449585e+02  -9.8629649729e-03
4.6526840210e+02   7.4352055788e-02
4.6527230835e+02  -2.9188068584e-02
4.6527621460e+02  -3.4372735769e-02
4.6528012085e+02   3.8281537592e-02
4.6528402710e+02  -6.1335407197e-02
4.6528793335e+02   2.6565438136e-02
4.6529183960e+02  -5.0737481564e-02
4.6529574585e+02  -1.8519079313e-02
4.6529965210e+02  -4.9223940820e-02
4.6530355835e+02   2.5097798789e-04
4.6530746460e+02  -4.1833601892e-02
4.6531137085e+02  -1.9636303186e-02
4.6531527710e+02   5.9459684417e-03
4.6531918335e+02   2.2786213085e-02
4.6532308960e+02  -8.7899535894e-02
4.6532699585e+02   1.2309074402e-02
4.6533090210e+02   1.2115726247e-02
4.6533480835e+02  -3.8263222668e-03
4.6533871460e+02  -1.7291178927e-02
4.6534262085e+02  -1.4771954156e-02
4.6534652710e+02  -4.2117737234e-02
4.6535043335e+02  -1.0649558157e-01
4.6535433960e+02  -2.1759256721e-02
4.6535824585e+02  -2.6420351118e-02
4.6536215210e+02  -1.0109907389e-01
4.6536605835e+02  -7.6816402376e-02
4.6536996460e+02  -5.1453430206e-03
4.6537387085e+02  -9.6502184868e-02
4.6537777710e+02  -8.7538979948e-02
