#title: Spectral profile - Win3.clean0.image-raster
#region (world): Ellipse[[16:58:49.516, -20d57m16.516], [16:58:49.359, -20d57m14.74]]
#region (pixel): Ellipse[[181, 182], [203, 200]]
#coordinate: world
#xLabel: frequency [MHz]
#yLabel: [Jy] Flux Density

# Win3.clean0.image-raster
2.631057812500e+05 1.508040666580e+00
2.631060312500e+05 1.446067690849e+00
2.631062812500e+05 1.453927993774e+00
2.631065312500e+05 1.459083437920e+00
2.631067812500e+05 1.458242177963e+00
2.631070000000e+05 1.454677462578e+00
2.631072500000e+05 1.451711654663e+00
2.631075000000e+05 1.452442884445e+00
2.631077500000e+05 1.454136133194e+00
2.631080000000e+05 1.455959916115e+00
2.631082187500e+05 1.458408117294e+00
2.631084687500e+05 1.458744049072e+00
2.631087187500e+05 1.453492403030e+00
2.631089687500e+05 1.450490355492e+00
2.631092187500e+05 1.454371333122e+00
2.631094375000e+05 1.456320524216e+00
2.631096875000e+05 1.454437494278e+00
2.631099375000e+05 1.453843235970e+00
2.631101875000e+05 1.454294919968e+00
2.631104375000e+05 1.454998373985e+00
2.631106875000e+05 1.455466032028e+00
2.631109062500e+05 1.455363512039e+00
2.631111562500e+05 1.453120589256e+00
2.631114062500e+05 1.453690528870e+00
2.631116562500e+05 1.457694172859e+00
2.631119062500e+05 1.456014871597e+00
2.631121250000e+05 1.452870488167e+00
2.631123750000e+05 1.452932000160e+00
2.631126250000e+05 1.454409480095e+00
2.631128750000e+05 1.456204652786e+00
2.631131250000e+05 1.454836249352e+00
2.631133437500e+05 1.451843380928e+00
2.631135937500e+05 1.452505946159e+00
2.631138437500e+05 1.454623103142e+00
2.631140937500e+05 1.454212427139e+00
2.631143437500e+05 1.453536629677e+00
2.631145937500e+05 1.456811428070e+00
2.631148125000e+05 1.458898901939e+00
2.631150625000e+05 1.454673647881e+00
2.631153125000e+05 1.450751185417e+00
2.631155625000e+05 1.451965928078e+00
2.631158125000e+05 1.456179738045e+00
2.631160312500e+05 1.457341313362e+00
2.631162812500e+05 1.458123087883e+00
2.631165312500e+05 1.463057518005e+00
2.631167812500e+05 1.464821815491e+00
2.631170312500e+05 1.458760976791e+00
2.631172500000e+05 1.451452374458e+00
2.631175000000e+05 1.449671387672e+00
2.631177500000e+05 1.451807022095e+00
2.631180000000e+05 1.455444574356e+00
2.631182500000e+05 1.454894185066e+00
2.631184687500e+05 1.450470447540e+00
2.631187187500e+05 1.449665427208e+00
2.631189687500e+05 1.453198671341e+00
2.631192187500e+05 1.455354094505e+00
2.631194687500e+05 1.455663561821e+00
2.631197187500e+05 1.454950213432e+00
2.631199375000e+05 1.455258965492e+00
2.631201875000e+05 1.457402110100e+00
2.631204375000e+05 1.457314014435e+00
2.631206875000e+05 1.454185605049e+00
2.631209375000e+05 1.453286767006e+00
2.631211562500e+05 1.451797246933e+00
2.631214062500e+05 1.449980974197e+00
2.631216562500e+05 1.451223969460e+00
2.631219062500e+05 1.452624201775e+00
2.631221562500e+05 1.449810743332e+00
2.631223750000e+05 1.448059678078e+00
2.631226250000e+05 1.451522111893e+00
2.631228750000e+05 1.456955313683e+00
2.631231250000e+05 1.460563898087e+00
2.631233750000e+05 1.458987951279e+00
2.631236250000e+05 1.453584432602e+00
2.631238437500e+05 1.451980710030e+00
2.631240937500e+05 1.458268761635e+00
2.631243437500e+05 1.461633563042e+00
2.631245937500e+05 1.457267642021e+00
2.631248437500e+05 1.453603148460e+00
2.631250625000e+05 1.451749324799e+00
2.631253125000e+05 1.453284621239e+00
2.631255625000e+05 1.455776929855e+00
2.631258125000e+05 1.455234289169e+00
2.631260625000e+05 1.456571102142e+00
2.631262812500e+05 1.458903908730e+00
2.631265312500e+05 1.458164095879e+00
2.631267812500e+05 1.457425236702e+00
2.631270312500e+05 1.458731412888e+00
2.631272812500e+05 1.460958838463e+00
2.631275312500e+05 1.461539387703e+00
2.631277500000e+05 1.459647536278e+00
2.631280000000e+05 1.457131147385e+00
2.631282500000e+05 1.457815647125e+00
2.631285000000e+05 1.459042072296e+00
2.631287500000e+05 1.458450436592e+00
2.631289687500e+05 1.456095457077e+00
2.631292187500e+05 1.455035448074e+00
2.631294687500e+05 1.453575134277e+00
2.631297187500e+05 1.452219843864e+00
2.631299687500e+05 1.453409194946e+00
2.631301875000e+05 1.454330563545e+00
2.631304375000e+05 1.454974532127e+00
2.631306875000e+05 1.457154393196e+00
2.631309375000e+05 1.461026310921e+00
2.631311875000e+05 1.463245630264e+00
2.631314375000e+05 1.462863326073e+00
2.631316562500e+05 1.460443615913e+00
2.631319062500e+05 1.455989360809e+00
2.631321562500e+05 1.454523444176e+00
2.631324062500e+05 1.454421997070e+00
2.631326562500e+05 1.453592896461e+00
2.631328750000e+05 1.454994082451e+00
2.631331250000e+05 1.456783890724e+00
2.631333750000e+05 1.458130002022e+00
2.631336250000e+05 1.461626410484e+00
2.631338750000e+05 1.463446021080e+00
2.631340937500e+05 1.461438059807e+00
2.631343437500e+05 1.458538651466e+00
2.631345937500e+05 1.454901576042e+00
2.631348437500e+05 1.454167008400e+00
2.631350937500e+05 1.454344391823e+00
2.631353437500e+05 1.457455635071e+00
2.631355625000e+05 1.460465312004e+00
2.631358125000e+05 1.457901716232e+00
2.631360625000e+05 1.454177856445e+00
2.631363125000e+05 1.456687211990e+00
2.631365625000e+05 1.459888577461e+00
2.631367812500e+05 1.455317497253e+00
2.631370312500e+05 1.450122475624e+00
2.631372812500e+05 1.448712229729e+00
2.631375312500e+05 1.450184822083e+00
2.631377812500e+05 1.455898642540e+00
2.631380000000e+05 1.462646603584e+00
2.631382500000e+05 1.461977243423e+00
2.631385000000e+05 1.456624746323e+00
2.631387500000e+05 1.455993771553e+00
2.631390000000e+05 1.456533789635e+00
2.631392187500e+05 1.455060005188e+00
2.631394687500e+05 1.455686330795e+00
2.631397187500e+05 1.457051157951e+00
2.631399687500e+05 1.456991076469e+00
2.631402187500e+05 1.453344345093e+00
2.631404687500e+05 1.448729634285e+00
2.631406875000e+05 1.450736641884e+00
2.631409375000e+05 1.457281589508e+00
2.631411875000e+05 1.462102413177e+00
2.631414375000e+05 1.462660908699e+00
2.631416875000e+05 1.461141586304e+00
2.631419062500e+05 1.461294054985e+00
2.631421562500e+05 1.460632205009e+00
2.631424062500e+05 1.458020448685e+00
2.631426562500e+05 1.457663178444e+00
2.631429062500e+05 1.463391065598e+00
2.631431250000e+05 1.469188213348e+00
2.631433750000e+05 1.468816757202e+00
2.631436250000e+05 1.465235471725e+00
2.631438750000e+05 1.460790038109e+00
2.631441250000e+05 1.457602620125e+00
2.631443750000e+05 1.457488894463e+00
2.631445937500e+05 1.456296682358e+00
2.631448437500e+05 1.455124497414e+00
2.631450937500e+05 1.456606984138e+00
2.631453437500e+05 1.456079602242e+00
2.631455937500e+05 1.454411029816e+00
2.631458125000e+05 1.455305218697e+00
2.631460625000e+05 1.456376552582e+00
2.631463125000e+05 1.455653071404e+00
2.631465625000e+05 1.455566525459e+00
2.631468125000e+05 1.455632925034e+00
2.631470312500e+05 1.455394625664e+00
2.631472812500e+05 1.455142378807e+00
2.631475312500e+05 1.457903862000e+00
2.631477812500e+05 1.461887955666e+00
2.631480312500e+05 1.464175939560e+00
2.631482812500e+05 1.461751580238e+00
2.631485000000e+05 1.457102179527e+00
2.631487500000e+05 1.455043435097e+00
2.631490000000e+05 1.454921126366e+00
2.631492500000e+05 1.456473112106e+00
2.631495000000e+05 1.457633733749e+00
2.631497187500e+05 1.456694841385e+00
2.631499687500e+05 1.455893754959e+00
2.631502187500e+05 1.457260012627e+00
2.631504687500e+05 1.461681604385e+00
2.631507187500e+05 1.465238690376e+00
2.631509375000e+05 1.463883161545e+00
2.631511875000e+05 1.458744525909e+00
2.631514375000e+05 1.453815460205e+00
2.631516875000e+05 1.451513409615e+00
2.631519375000e+05 1.451662182808e+00
2.631521875000e+05 1.455121755600e+00
2.631524062500e+05 1.460363745689e+00
2.631526562500e+05 1.459352612495e+00
2.631529062500e+05 1.456809282303e+00
2.631531562500e+05 1.457807779312e+00
2.631534062500e+05 1.458297014236e+00
2.631536250000e+05 1.458045363426e+00
2.631538750000e+05 1.460229158401e+00
2.631541250000e+05 1.460491657257e+00
2.631543750000e+05 1.456488251686e+00
2.631546250000e+05 1.455557465553e+00
2.631548437500e+05 1.457370400429e+00
2.631550937500e+05 1.457897186279e+00
2.631553437500e+05 1.460471391678e+00
2.631555937500e+05 1.464628577232e+00
2.631558437500e+05 1.467539548874e+00
2.631560937500e+05 1.466489434242e+00
2.631563125000e+05 1.462861418724e+00
2.631565625000e+05 1.459143757820e+00
2.631568125000e+05 1.457639455795e+00
2.631570625000e+05 1.460483670235e+00
2.631573125000e+05 1.463694572449e+00
2.631575312500e+05 1.461893439293e+00
2.631577812500e+05 1.458256006241e+00
2.631580312500e+05 1.454917907715e+00
2.631582812500e+05 1.454243421555e+00
2.631585312500e+05 1.454404354095e+00
2.631587500000e+05 1.453078389168e+00
2.631590000000e+05 1.455100417137e+00
2.631592500000e+05 1.462131619453e+00
2.631595000000e+05 1.461219191551e+00
2.631597500000e+05 1.454040646553e+00
2.631599687500e+05 1.449034214020e+00
2.631602187500e+05 1.449677228928e+00
2.631604687500e+05 1.453859090805e+00
2.631607187500e+05 1.455457210541e+00
2.631609687500e+05 1.455162525177e+00
2.631612187500e+05 1.455488324165e+00
2.631614375000e+05 1.455897927284e+00
2.631616875000e+05 1.456651329994e+00
2.631619375000e+05 1.457195281982e+00
2.631621875000e+05 1.458977937698e+00
2.631624375000e+05 1.458115339279e+00
2.631626562500e+05 1.453024268150e+00
2.631629062500e+05 1.450278639793e+00
2.631631562500e+05 1.454003334045e+00
2.631634062500e+05 1.454575657845e+00
2.631636562500e+05 1.453385472298e+00
2.631638750000e+05 1.455382585526e+00
2.631641250000e+05 1.456273436546e+00
2.631643750000e+05 1.456243872643e+00
2.631646250000e+05 1.458899259567e+00
2.631648750000e+05 1.458644747734e+00
2.631651250000e+05 1.456435322762e+00
2.631653437500e+05 1.453842401505e+00
2.631655937500e+05 1.451719641685e+00
2.631658437500e+05 1.452147245407e+00
2.631660937500e+05 1.458657979965e+00
2.631663437500e+05 1.462204337120e+00
2.631665625000e+05 1.460268497467e+00
2.631668125000e+05 1.457721114159e+00
2.631670625000e+05 1.453590631485e+00
2.631673125000e+05 1.452068328857e+00
2.631675625000e+05 1.459433674812e+00
2.631677812500e+05 1.466243982315e+00
2.631680312500e+05 1.464225769043e+00
2.631682812500e+05 1.456270694733e+00
2.631685312500e+05 1.450701951981e+00
2.631687812500e+05 1.454253911972e+00
2.631690312500e+05 1.462541580200e+00
2.631692500000e+05 1.463715791702e+00
2.631695000000e+05 1.460849881172e+00
2.631697500000e+05 1.459015011787e+00
2.631700000000e+05 1.458215475082e+00
2.631702500000e+05 1.459982752800e+00
2.631704687500e+05 1.459908246994e+00
2.631707187500e+05 1.456795334816e+00
2.631709687500e+05 1.455663800240e+00
2.631712187500e+05 1.459088206291e+00
2.631714687500e+05 1.462558269501e+00
2.631716875000e+05 1.462358713150e+00
2.631719375000e+05 1.460561394691e+00
2.631721875000e+05 1.458307862282e+00
2.631724375000e+05 1.456172108650e+00
2.631726875000e+05 1.459011793137e+00
2.631729375000e+05 1.462517499924e+00
2.631731562500e+05 1.460246920586e+00
2.631734062500e+05 1.458838462830e+00
2.631736562500e+05 1.459829807281e+00
2.631739062500e+05 1.460855364799e+00
2.631741562500e+05 1.464624762535e+00
2.631743750000e+05 1.466924428940e+00
2.631746250000e+05 1.466675758362e+00
2.631748750000e+05 1.464236021042e+00
2.631751250000e+05 1.462252020836e+00
2.631753750000e+05 1.458507776260e+00
2.631755937500e+05 1.456012964249e+00
2.631758437500e+05 1.459655761719e+00
2.631760937500e+05 1.465445995331e+00
2.631763437500e+05 1.469132661819e+00
2.631765937500e+05 1.468154311180e+00
2.631768437500e+05 1.462654948235e+00
2.631770625000e+05 1.458875060081e+00
2.631773125000e+05 1.463300108910e+00
2.631775625000e+05 1.469206452370e+00
2.631778125000e+05 1.472213864326e+00
2.631780625000e+05 1.471256375313e+00
2.631782812500e+05 1.467275738716e+00
2.631785312500e+05 1.465120434761e+00
2.631787812500e+05 1.462897658348e+00
2.631790312500e+05 1.461735963821e+00
2.631792812500e+05 1.461856722832e+00
2.631795000000e+05 1.458835363388e+00
2.631797500000e+05 1.455493092537e+00
2.631800000000e+05 1.455617785454e+00
2.631802500000e+05 1.457211256027e+00
2.631805000000e+05 1.455855488777e+00
2.631807187500e+05 1.455503463745e+00
2.631809687500e+05 1.455492973328e+00
2.631812187500e+05 1.455012083054e+00
2.631814687500e+05 1.453988909721e+00
2.631817187500e+05 1.455572366714e+00
2.631819687500e+05 1.460409402847e+00
2.631821875000e+05 1.463663220406e+00
2.631824375000e+05 1.462913990021e+00
2.631826875000e+05 1.463619232178e+00
2.631829375000e+05 1.464323163033e+00
2.631831875000e+05 1.463467359543e+00
2.631834062500e+05 1.467467069626e+00
2.631836562500e+05 1.469528436661e+00
2.631839062500e+05 1.465432882309e+00
2.631841562500e+05 1.463503718376e+00
2.631844062500e+05 1.463473200798e+00
2.631846250000e+05 1.460667848587e+00
2.631848750000e+05 1.460648298264e+00
2.631851250000e+05 1.462408185005e+00
2.631853750000e+05 1.464314222336e+00
2.631856250000e+05 1.465317130089e+00
2.631858750000e+05 1.463464856148e+00
2.631860937500e+05 1.462889671326e+00
2.631863437500e+05 1.466842651367e+00
2.631865937500e+05 1.465445876122e+00
2.631868437500e+05 1.462786912918e+00
2.631870937500e+05 1.463839173317e+00
2.631873125000e+05 1.464381098747e+00
2.631875625000e+05 1.461966514587e+00
2.631878125000e+05 1.459568381310e+00
2.631880625000e+05 1.460546970367e+00
2.631883125000e+05 1.459093093872e+00
2.631885312500e+05 1.459622025490e+00
2.631887812500e+05 1.464082837105e+00
2.631890312500e+05 1.466631889343e+00
2.631892812500e+05 1.468181371689e+00
2.631895312500e+05 1.464999198914e+00
2.631897812500e+05 1.459776759148e+00
2.631900000000e+05 1.459955334663e+00
2.631902500000e+05 1.462153077126e+00
2.631905000000e+05 1.465366363525e+00
2.631907500000e+05 1.466338872910e+00
2.631910000000e+05 1.460904717445e+00
2.631912187500e+05 1.457921981812e+00
2.631914687500e+05 1.460418105125e+00
2.631917187500e+05 1.461542487144e+00
2.631919687500e+05 1.461820125580e+00
2.631922187500e+05 1.461637616158e+00
2.631924375000e+05 1.457682251930e+00
2.631926875000e+05 1.456288814545e+00
2.631929375000e+05 1.459558844566e+00
2.631931875000e+05 1.459325909615e+00
2.631934375000e+05 1.456572413445e+00
2.631936875000e+05 1.457775712013e+00
2.631939062500e+05 1.461498379707e+00
2.631941562500e+05 1.464650273323e+00
2.631944062500e+05 1.465843915939e+00
2.631946562500e+05 1.464206099510e+00
2.631949062500e+05 1.462749719620e+00
2.631951250000e+05 1.462128520012e+00
2.631953750000e+05 1.459896445274e+00
2.631956250000e+05 1.459157228470e+00
2.631958750000e+05 1.461973547935e+00
2.631961250000e+05 1.460942387581e+00
2.631963437500e+05 1.456891536713e+00
2.631965937500e+05 1.457331180573e+00
2.631968437500e+05 1.460068702698e+00
2.631970937500e+05 1.458468317986e+00
2.631973437500e+05 1.456389904022e+00
2.631975937500e+05 1.459586977959e+00
2.631978125000e+05 1.460924625397e+00
2.631980625000e+05 1.460244059563e+00
2.631983125000e+05 1.460923671722e+00
2.631985625000e+05 1.461947679520e+00
2.631988125000e+05 1.459499239922e+00
2.631990312500e+05 1.453897953033e+00
2.631992812500e+05 1.451707363129e+00
2.631995312500e+05 1.453207850456e+00
2.631997812500e+05 1.453335881233e+00
2.632000312500e+05 1.452919006348e+00
2.632002500000e+05 1.454141616821e+00
2.632005000000e+05 1.456848025322e+00
2.632007500000e+05 1.458901166916e+00
2.632010000000e+05 1.457886099815e+00
2.632012500000e+05 1.458603024483e+00
2.632014687500e+05 1.459529161453e+00
2.632017187500e+05 1.459844112396e+00
2.632019687500e+05 1.460404157639e+00
2.632022187500e+05 1.460667014122e+00
2.632024687500e+05 1.462121725082e+00
2.632027187500e+05 1.465244889259e+00
2.632029375000e+05 1.465934514999e+00
2.632031875000e+05 1.460373401642e+00
2.632034375000e+05 1.453701734543e+00
2.632036875000e+05 1.452500820160e+00
2.632039375000e+05 1.455902218819e+00
2.632041562500e+05 1.457070112228e+00
2.632044062500e+05 1.455828428268e+00
2.632046562500e+05 1.456412672997e+00
2.632049062500e+05 1.458907723427e+00
2.632051562500e+05 1.460615277290e+00
2.632053750000e+05 1.458193659782e+00
2.632056250000e+05 1.456677913666e+00
2.632058750000e+05 1.458057045937e+00
2.632061250000e+05 1.456483364105e+00
2.632063750000e+05 1.452529072762e+00
2.632066250000e+05 1.455284595490e+00
2.632068437500e+05 1.459608435631e+00
2.632070937500e+05 1.459856510162e+00
2.632073437500e+05 1.457350850105e+00
2.632075937500e+05 1.455492258072e+00
2.632078437500e+05 1.453546285629e+00
2.632080625000e+05 1.452595114708e+00
2.632083125000e+05 1.453273177147e+00
2.632085625000e+05 1.454104661942e+00
2.632088125000e+05 1.454722642899e+00
2.632090625000e+05 1.455896019936e+00
2.632092812500e+05 1.457788109779e+00
2.632095312500e+05 1.460110068321e+00
2.632097812500e+05 1.462375044823e+00
2.632100312500e+05 1.461246609688e+00
2.632102812500e+05 1.456104278564e+00
2.632105312500e+05 1.451255321503e+00
2.632107500000e+05 1.451456665993e+00
2.632110000000e+05 1.456654667854e+00
2.632112500000e+05 1.461764574051e+00
2.632115000000e+05 1.463029742241e+00
2.632117500000e+05 1.461710095406e+00
2.632119687500e+05 1.457153558731e+00
2.632122187500e+05 1.454509258270e+00
2.632124687500e+05 1.460244894028e+00
2.632127187500e+05 1.465302705765e+00
2.632129687500e+05 1.462446689606e+00
2.632131875000e+05 1.458374977112e+00
2.632134375000e+05 1.457971692085e+00
2.632136875000e+05 1.460239291191e+00
2.632139375000e+05 1.460700631142e+00
2.632141875000e+05 1.459110021591e+00
2.632144375000e+05 1.461761116982e+00
2.632146562500e+05 1.462777256966e+00
2.632149062500e+05 1.459521174431e+00
2.632151562500e+05 1.458408236504e+00
2.632154062500e+05 1.457152009010e+00
2.632156562500e+05 1.456072449684e+00
2.632158750000e+05 1.459257364273e+00
2.632161250000e+05 1.463389992714e+00
2.632163750000e+05 1.464104413986e+00
2.632166250000e+05 1.462774395943e+00
2.632168750000e+05 1.461547732353e+00
2.632170937500e+05 1.458708286285e+00
2.632173437500e+05 1.455743789673e+00
2.632175937500e+05 1.455816030502e+00
2.632178437500e+05 1.459546327591e+00
2.632180937500e+05 1.461239099503e+00
2.632183437500e+05 1.458436727524e+00
2.632185625000e+05 1.458422541618e+00
2.632188125000e+05 1.462864518166e+00
2.632190625000e+05 1.465621232986e+00
2.632193125000e+05 1.462123394012e+00
2.632195625000e+05 1.459507465363e+00
2.632197812500e+05 1.461592197418e+00
2.632200312500e+05 1.463369011879e+00
2.632202812500e+05 1.461038947105e+00
2.632205312500e+05 1.460177779198e+00
2.632207812500e+05 1.463515400887e+00
2.632210000000e+05 1.462781906128e+00
2.632212500000e+05 1.461557149887e+00
2.632215000000e+05 1.462545275688e+00
2.632217500000e+05 1.462257742882e+00
2.632220000000e+05 1.458788037300e+00
2.632222187500e+05 1.456965446472e+00
2.632224687500e+05 1.460126519203e+00
2.632227187500e+05 1.461912393570e+00
2.632229687500e+05 1.459468007088e+00
2.632232187500e+05 1.458045482635e+00
2.632234687500e+05 1.458981156349e+00
2.632236875000e+05 1.461278080940e+00
2.632239375000e+05 1.461126923561e+00
2.632241875000e+05 1.457939386368e+00
2.632244375000e+05 1.456465125084e+00
2.632246875000e+05 1.460527896881e+00
2.632249062500e+05 1.461641788483e+00
2.632251562500e+05 1.461394548416e+00
2.632254062500e+05 1.460445404053e+00
2.632256562500e+05 1.457052946091e+00
2.632259062500e+05 1.454121232033e+00
2.632261250000e+05 1.455626010895e+00
2.632263750000e+05 1.458996057510e+00
2.632266250000e+05 1.457694411278e+00
2.632268750000e+05 1.458297848701e+00
2.632271250000e+05 1.463865756989e+00
2.632273750000e+05 1.466294527054e+00
2.632275937500e+05 1.463545680046e+00
2.632278437500e+05 1.461051702499e+00
2.632280937500e+05 1.462523341179e+00
2.632283437500e+05 1.462341427803e+00
2.632285937500e+05 1.460754394531e+00
2.632288125000e+05 1.460430383682e+00
2.632290625000e+05 1.461591720581e+00
2.632293125000e+05 1.462679743767e+00
2.632295625000e+05 1.462545871735e+00
2.632298125000e+05 1.460102796555e+00
2.632300312500e+05 1.458799600601e+00
2.632302812500e+05 1.458250880241e+00
2.632305312500e+05 1.456700205803e+00
2.632307812500e+05 1.458215475082e+00
2.632310312500e+05 1.459971904755e+00
2.632312812500e+05 1.457093238831e+00
2.632315000000e+05 1.453189969063e+00
2.632317500000e+05 1.452336192131e+00
2.632320000000e+05 1.455112457275e+00
2.632322500000e+05 1.457335472107e+00
2.632325000000e+05 1.456384301186e+00
2.632327187500e+05 1.454797983170e+00
2.632329687500e+05 1.456199765205e+00
2.632332187500e+05 1.460679173470e+00
2.632334687500e+05 1.460758805275e+00
2.632337187500e+05 1.458140254021e+00
2.632339375000e+05 1.459818005562e+00
2.632341875000e+05 1.458530545235e+00
2.632344375000e+05 1.453015089035e+00
2.632346875000e+05 1.452332973480e+00
2.632349375000e+05 1.455565929413e+00
2.632351875000e+05 1.457763075829e+00
2.632354062500e+05 1.455870032310e+00
2.632356562500e+05 1.453184127808e+00
2.632359062500e+05 1.451588988304e+00
2.632361562500e+05 1.450337409973e+00
2.632364062500e+05 1.452645659447e+00
2.632366250000e+05 1.459501028061e+00
2.632368750000e+05 1.462733030319e+00
2.632371250000e+05 1.462354183197e+00
2.632373750000e+05 1.461970686913e+00
2.632376250000e+05 1.454632282257e+00
2.632378437500e+05 1.446059346199e+00
2.632380937500e+05 1.445642232895e+00
2.632383437500e+05 1.452900886536e+00
2.632385937500e+05 1.463014960289e+00
2.632388437500e+05 1.469711542130e+00
2.632390937500e+05 1.468647360802e+00
2.632393125000e+05 1.464961171150e+00
2.632395625000e+05 1.464547634125e+00
2.632398125000e+05 1.463600635529e+00
2.632400625000e+05 1.462985038757e+00
2.632403125000e+05 1.463985204697e+00
2.632405312500e+05 1.460987091064e+00
2.632407812500e+05 1.457203865051e+00
2.632410312500e+05 1.457486271858e+00
2.632412812500e+05 1.459020137787e+00
2.632415312500e+05 1.460793733597e+00
2.632417500000e+05 1.460822701454e+00
2.632420000000e+05 1.459979057312e+00
2.632422500000e+05 1.461718320847e+00
2.632425000000e+05 1.462636947632e+00
2.632427500000e+05 1.464007973671e+00
2.632429687500e+05 1.464954137802e+00
2.632432187500e+05 1.463958382607e+00
2.632434687500e+05 1.464495539665e+00
2.632437187500e+05 1.464728116989e+00
2.632439687500e+05 1.462053894997e+00
2.632442187500e+05 1.459260940552e+00
2.632444375000e+05 1.459117770195e+00
2.632446875000e+05 1.460235714912e+00
2.632449375000e+05 1.458125829697e+00
2.632451875000e+05 1.455414175987e+00
2.632454375000e+05 1.452637553215e+00
2.632456562500e+05 1.453746318817e+00
2.632459062500e+05 1.456099510193e+00
2.632461562500e+05 1.456118941307e+00
2.632464062500e+05 1.456067562103e+00
2.632466562500e+05 1.456854701042e+00
2.632468750000e+05 1.456938147545e+00
2.632471250000e+05 1.455196142197e+00
2.632473750000e+05 1.455124974251e+00
2.632476250000e+05 1.456591367722e+00
2.632478750000e+05 1.455516695976e+00
2.632481250000e+05 1.455661773682e+00
2.632483437500e+05 1.459991455078e+00
2.632485937500e+05 1.460507273674e+00
2.632488437500e+05 1.455991864204e+00
2.632490937500e+05 1.456791520119e+00
2.632493437500e+05 1.458658456802e+00
2.632495625000e+05 1.458736181259e+00
2.632498125000e+05 1.459032297134e+00
2.632500625000e+05 1.457218766212e+00
2.632503125000e+05 1.454785943031e+00
2.632505625000e+05 1.452662110329e+00
2.632507812500e+05 1.452366352081e+00
2.632510312500e+05 1.454286098480e+00
2.632512812500e+05 1.455209732056e+00
2.632515312500e+05 1.455923318863e+00
2.632517812500e+05 1.456728100777e+00
2.632520312500e+05 1.456700205803e+00
2.632522500000e+05 1.455209732056e+00
2.632525000000e+05 1.455694913864e+00
2.632527500000e+05 1.459537625313e+00
2.632530000000e+05 1.458012342453e+00
2.632532500000e+05 1.456691145897e+00
2.632534687500e+05 1.460050821304e+00
2.632537187500e+05 1.461028933525e+00
2.632539687500e+05 1.459843993187e+00
2.632542187500e+05 1.462258815765e+00
2.632544687500e+05 1.467170834541e+00
2.632546875000e+05 1.470221042633e+00
2.632549375000e+05 1.466987133026e+00
2.632551875000e+05 1.461923360825e+00
2.632554375000e+05 1.462244749069e+00
2.632556875000e+05 1.465054988861e+00
2.632559375000e+05 1.465938568115e+00
2.632561562500e+05 1.466688990593e+00
2.632564062500e+05 1.464847326279e+00
2.632566562500e+05 1.460046529770e+00
2.632569062500e+05 1.458940863609e+00
2.632571562500e+05 1.458796620369e+00
2.632573750000e+05 1.457180500031e+00
2.632576250000e+05 1.460352063179e+00
2.632578750000e+05 1.463544487953e+00
2.632581250000e+05 1.461424946785e+00
2.632583750000e+05 1.461108088493e+00
2.632585937500e+05 1.464989423752e+00
2.632588437500e+05 1.467465758324e+00
2.632590937500e+05 1.466358423233e+00
2.632593437500e+05 1.462186694145e+00
2.632595937500e+05 1.461029767990e+00
2.632598125000e+05 1.463413715363e+00
2.632600625000e+05 1.463157773018e+00
2.632603125000e+05 1.461902499199e+00
2.632605625000e+05 1.460965394974e+00
2.632608125000e+05 1.460230350494e+00
2.632610625000e+05 1.461799979210e+00
2.632612812500e+05 1.463004469872e+00
2.632615312500e+05 1.460281729698e+00
2.632617812500e+05 1.460154533386e+00
2.632620312500e+05 1.461977124214e+00
2.632622812500e+05 1.461640834808e+00
2.632625000000e+05 1.460049390793e+00
2.632627500000e+05 1.458223819733e+00
2.632630000000e+05 1.459212303162e+00
2.632632500000e+05 1.460204124451e+00
2.632635000000e+05 1.455950140953e+00
2.632637187500e+05 1.452570319176e+00
2.632639687500e+05 1.456002473831e+00
2.632642187500e+05 1.461237668991e+00
2.632644687500e+05 1.459891915321e+00
2.632647187500e+05 1.455564856529e+00
2.632649687500e+05 1.456103563309e+00
2.632651875000e+05 1.460408687592e+00
2.632654375000e+05 1.463215589523e+00
2.632656875000e+05 1.464377403259e+00
2.632659375000e+05 1.463972449303e+00
2.632661875000e+05 1.460431337357e+00
2.632664062500e+05 1.456384778023e+00
2.632666562500e+05 1.457170367241e+00
2.632669062500e+05 1.461386799812e+00
2.632671562500e+05 1.463321328163e+00
2.632674062500e+05 1.464469194412e+00
2.632676250000e+05 1.469221949577e+00
2.632678750000e+05 1.470042467117e+00
2.632681250000e+05 1.465517878532e+00
2.632683750000e+05 1.463868141174e+00
2.632686250000e+05 1.461308956146e+00
2.632688750000e+05 1.460676550865e+00
2.632690937500e+05 1.464821696281e+00
2.632693437500e+05 1.468473911285e+00
2.632695937500e+05 1.467949628830e+00
2.632698437500e+05 1.464191675186e+00
2.632700937500e+05 1.459330677986e+00
2.632703125000e+05 1.456954479218e+00
2.632705625000e+05 1.457487940788e+00
2.632708125000e+05 1.458584547043e+00
2.632710625000e+05 1.461537837982e+00
2.632713125000e+05 1.462295293808e+00
2.632715312500e+05 1.455928087234e+00
2.632717812500e+05 1.451203465462e+00
2.632720312500e+05 1.453119039536e+00
2.632722812500e+05 1.457159280777e+00
2.632725312500e+05 1.459454178810e+00
2.632727812500e+05 1.461127161980e+00
2.632730000000e+05 1.461991429329e+00
2.632732500000e+05 1.461314201355e+00
2.632735000000e+05 1.459419846535e+00
2.632737500000e+05 1.457090616226e+00
2.632740000000e+05 1.455852150917e+00
2.632742187500e+05 1.454243063927e+00
2.632744687500e+05 1.452928066254e+00
2.632747187500e+05 1.456166148186e+00
2.632749687500e+05 1.460588097572e+00
2.632752187500e+05 1.461105704308e+00
2.632754375000e+05 1.458668470383e+00
2.632756875000e+05 1.459938406944e+00
2.632759375000e+05 1.462992429733e+00
2.632761875000e+05 1.461541414261e+00
2.632764375000e+05 1.458282470703e+00
2.632766875000e+05 1.456563591957e+00
2.632769062500e+05 1.460034251213e+00
2.632771562500e+05 1.464409708977e+00
2.632774062500e+05 1.464582085609e+00
2.632776562500e+05 1.462279796600e+00
2.632779062500e+05 1.459254026413e+00
2.632781250000e+05 1.457975864410e+00
2.632783750000e+05 1.456822752953e+00
2.632786250000e+05 1.457623720169e+00
2.632788750000e+05 1.463621854782e+00
2.632791250000e+05 1.467242002487e+00
2.632793437500e+05 1.468785047531e+00
2.632795937500e+05 1.470534563065e+00
2.632798437500e+05 1.468828797340e+00
2.632800937500e+05 1.466446518898e+00
2.632803437500e+05 1.463180422783e+00
2.632805625000e+05 1.458229064941e+00
2.632808125000e+05 1.456924319267e+00
2.632810625000e+05 1.457686185837e+00
2.632813125000e+05 1.460449457169e+00
2.632815625000e+05 1.462765693665e+00
2.632818125000e+05 1.458767056465e+00
2.632820312500e+05 1.454785943031e+00
2.632822812500e+05 1.451198697090e+00
2.632825312500e+05 1.451849460602e+00
2.632827812500e+05 1.456784605980e+00
2.632830312500e+05 1.460268855095e+00
2.632832500000e+05 1.463057756424e+00
2.632835000000e+05 1.461449861526e+00
2.632837500000e+05 1.457798957825e+00
2.632840000000e+05 1.461596369743e+00
2.632842500000e+05 1.463003039360e+00
2.632844687500e+05 1.460465312004e+00
2.632847187500e+05 1.458908081055e+00
2.632849687500e+05 1.457716345787e+00
2.632852187500e+05 1.458104610443e+00
2.632854687500e+05 1.460677146912e+00
2.632857187500e+05 1.461183905602e+00
2.632859375000e+05 1.459103941917e+00
2.632861875000e+05 1.458132266998e+00
2.632864375000e+05 1.458998203278e+00
2.632866875000e+05 1.458685755730e+00
2.632869375000e+05 1.456583023071e+00
2.632871562500e+05 1.457898497581e+00
2.632874062500e+05 1.461174726486e+00
2.632876562500e+05 1.462856292725e+00
2.632879062500e+05 1.464618325233e+00
2.632881562500e+05 1.463001012802e+00
2.632883750000e+05 1.458824396133e+00
2.632886250000e+05 1.458371162415e+00
2.632888750000e+05 1.457731127739e+00
2.632891250000e+05 1.455781936646e+00
2.632893750000e+05 1.455212712288e+00
2.632896250000e+05 1.454455971718e+00
2.632898437500e+05 1.455103635788e+00
2.632900937500e+05 1.457734107971e+00
2.632903437500e+05 1.458314657211e+00
2.632905937500e+05 1.459686636925e+00
2.632908437500e+05 1.463053345680e+00
2.632910625000e+05 1.463030457497e+00
2.632913125000e+05 1.461166143417e+00
2.632915625000e+05 1.456501245499e+00
2.632918125000e+05 1.453757047653e+00
2.632920625000e+05 1.458738446236e+00
2.632922812500e+05 1.462344050407e+00
2.632925312500e+05 1.458146929741e+00
2.632927812500e+05 1.455568671227e+00
2.632930312500e+05 1.459408879280e+00
2.632932812500e+05 1.460515856743e+00
2.632935312500e+05 1.457522392273e+00
2.632937500000e+05 1.457423448563e+00
2.632940000000e+05 1.458777666092e+00
2.632942500000e+05 1.460888147354e+00
2.632945000000e+05 1.463377714157e+00
2.632947500000e+05 1.461765050888e+00
2.632949687500e+05 1.460190892220e+00
2.632952187500e+05 1.459386467934e+00
2.632954687500e+05 1.456028699875e+00
2.632957187500e+05 1.455276012421e+00
2.632959687500e+05 1.458304643631e+00
2.632961875000e+05 1.462617278099e+00
2.632964375000e+05 1.463031053543e+00
2.632966875000e+05 1.463297247887e+00
2.632969375000e+05 1.464863181114e+00
2.632971875000e+05 1.464301228523e+00
2.632974375000e+05 1.461873650551e+00
2.632976562500e+05 1.458257436752e+00
2.632979062500e+05 1.460080862045e+00
2.632981562500e+05 1.469415903091e+00
2.632984062500e+05 1.472106337547e+00
2.632986562500e+05 1.467149496078e+00
2.632988750000e+05 1.464773535728e+00
2.632991250000e+05 1.464886426926e+00
2.632993750000e+05 1.463449835777e+00
2.632996250000e+05 1.462170839310e+00
2.632998750000e+05 1.459779143333e+00
2.633000937500e+05 1.457022309303e+00
2.633003437500e+05 1.458409547806e+00
2.633005937500e+05 1.462348461151e+00
2.633008437500e+05 1.462150812149e+00
2.633010937500e+05 1.462751388550e+00
2.633013125000e+05 1.466274499893e+00
2.633015625000e+05 1.467657804489e+00
2.633018125000e+05 1.465625405312e+00
2.633020625000e+05 1.464910507202e+00
2.633023125000e+05 1.464650630951e+00
2.633025625000e+05 1.462764263153e+00
2.633027812500e+05 1.461946249008e+00
2.633030312500e+05 1.462651610374e+00
2.633032812500e+05 1.462617397308e+00
2.633035312500e+05 1.459646105766e+00
2.633037812500e+05 1.454864978790e+00
2.633040000000e+05 1.456079959869e+00
2.633042500000e+05 1.459922432899e+00
2.633045000000e+05 1.461353063583e+00
2.633047500000e+05 1.462681531906e+00
2.633050000000e+05 1.464287757874e+00
2.633052187500e+05 1.465529799461e+00
2.633054687500e+05 1.468663811684e+00
2.633057187500e+05 1.466554522514e+00
2.633059687500e+05 1.459028005600e+00
2.633062187500e+05 1.455007672310e+00
2.633064687500e+05 1.455801486969e+00
2.633066875000e+05 1.460805892944e+00
2.633069375000e+05 1.467637658119e+00
2.633071875000e+05 1.465370774269e+00
2.633074375000e+05 1.460325241089e+00
2.633076875000e+05 1.459860920906e+00
2.633079062500e+05 1.459864974022e+00
2.633081562500e+05 1.458214044571e+00
2.633084062500e+05 1.456270694733e+00
2.633086562500e+05 1.455941557884e+00
2.633089062500e+05 1.459031581879e+00
2.633091250000e+05 1.463002681732e+00
2.633093750000e+05 1.460928201675e+00
2.633096250000e+05 1.456671714783e+00
2.633098750000e+05 1.456623315811e+00
2.633101250000e+05 1.457017779350e+00
2.633103750000e+05 1.459279775620e+00
2.633105937500e+05 1.461983323097e+00
2.633108437500e+05 1.460396528244e+00
2.633110937500e+05 1.456877350807e+00
2.633113437500e+05 1.455843687057e+00
2.633115937500e+05 1.457844495773e+00
2.633118125000e+05 1.461269140244e+00
2.633120625000e+05 1.462500572205e+00
2.633123125000e+05 1.461693048477e+00
2.633125625000e+05 1.459740042686e+00
2.633128125000e+05 1.454478859901e+00
2.633130312500e+05 1.454229593277e+00
2.633132812500e+05 1.457506179810e+00
2.633135312500e+05 1.457960367203e+00
2.633137812500e+05 1.458510518074e+00
2.633140312500e+05 1.461589932442e+00
2.633142812500e+05 1.465003848076e+00
2.633145000000e+05 1.464338898659e+00
2.633147500000e+05 1.461396932602e+00
2.633150000000e+05 1.464308857918e+00
2.633152500000e+05 1.466915726662e+00
2.633155000000e+05 1.463554024696e+00
2.633157187500e+05 1.459688663483e+00
2.633159687500e+05 1.457353115082e+00
2.633162187500e+05 1.454460859299e+00
2.633164687500e+05 1.451240420341e+00
2.633167187500e+05 1.453763484955e+00
2.633169375000e+05 1.460398554802e+00
2.633171875000e+05 1.460483908653e+00
2.633174375000e+05 1.457069873810e+00
2.633176875000e+05 1.457769155502e+00
2.633179375000e+05 1.462050318718e+00
2.633181875000e+05 1.465019226074e+00
2.633184062500e+05 1.466469883919e+00
2.633186562500e+05 1.465997219086e+00
2.633189062500e+05 1.460872888565e+00
2.633191562500e+05 1.457515001297e+00
2.633194062500e+05 1.457779884338e+00
2.633196250000e+05 1.459069967270e+00
2.633198750000e+05 1.459531784058e+00
2.633201250000e+05 1.457993865013e+00
2.633203750000e+05 1.458024144173e+00
2.633206250000e+05 1.458687424660e+00
2.633208437500e+05 1.457774519920e+00
2.633210937500e+05 1.457905411720e+00
2.633213437500e+05 1.459635257721e+00
2.633215937500e+05 1.460819482803e+00
2.633218437500e+05 1.458710908890e+00
2.633220625000e+05 1.456763982773e+00
2.633223125000e+05 1.458645343781e+00
2.633225625000e+05 1.457479476929e+00
2.633228125000e+05 1.453490614891e+00
2.633230625000e+05 1.451529145241e+00
2.633233125000e+05 1.453063488007e+00
2.633235312500e+05 1.457517504692e+00
2.633237812500e+05 1.460593700409e+00
2.633240312500e+05 1.460538506508e+00
2.633242812500e+05 1.460709691048e+00
2.633245312500e+05 1.462113380432e+00
2.633247500000e+05 1.460597515106e+00
2.633250000000e+05 1.456081151962e+00
2.633252500000e+05 1.451835155487e+00
2.633255000000e+05 1.451304554939e+00
2.633257500000e+05 1.455802202225e+00
2.633259687500e+05 1.461404919624e+00
2.633262187500e+05 1.464354276657e+00
2.633264687500e+05 1.463238716125e+00
2.633267187500e+05 1.459693431854e+00
2.633269687500e+05 1.459903717041e+00
2.633272187500e+05 1.460694432259e+00
2.633274375000e+05 1.458193659782e+00
2.633276875000e+05 1.455474376678e+00
2.633279375000e+05 1.453546881676e+00
2.633281875000e+05 1.455298304558e+00
2.633284375000e+05 1.458524703979e+00
2.633286562500e+05 1.459911942482e+00
2.633289062500e+05 1.460943818092e+00
2.633291562500e+05 1.461011290550e+00
2.633294062500e+05 1.461875200272e+00
2.633296562500e+05 1.465971708298e+00
2.633298750000e+05 1.467350602150e+00
2.633301250000e+05 1.459471344948e+00
2.633303750000e+05 1.455358147621e+00
2.633306250000e+05 1.461066484451e+00
2.633308750000e+05 1.465321540833e+00
2.633311250000e+05 1.463936328888e+00
2.633313437500e+05 1.458976626396e+00
2.633315937500e+05 1.455877661705e+00
2.633318437500e+05 1.458439469337e+00
2.633320937500e+05 1.463336825371e+00
2.633323437500e+05 1.464493036270e+00
2.633325625000e+05 1.464178442955e+00
2.633328125000e+05 1.464353442192e+00
2.633330625000e+05 1.463856458664e+00
2.633333125000e+05 1.460403323174e+00
2.633335625000e+05 1.457536578178e+00
2.633337812500e+05 1.461195349693e+00
2.633340312500e+05 1.464973568916e+00
2.633342812500e+05 1.464429378510e+00
2.633345312500e+05 1.461775422096e+00
2.633347812500e+05 1.459902048111e+00
2.633350312500e+05 1.460669040680e+00
2.633352500000e+05 1.462269425392e+00
2.633355000000e+05 1.462656736374e+00
2.633357500000e+05 1.462102055550e+00
2.633360000000e+05 1.458207607269e+00
2.633362500000e+05 1.455080866814e+00
2.633364687500e+05 1.457346320152e+00
2.633367187500e+05 1.462602853775e+00
2.633369687500e+05 1.468953967094e+00
2.633372187500e+05 1.469544291496e+00
2.633374687500e+05 1.462051033974e+00
2.633376875000e+05 1.459560871124e+00
2.633379375000e+05 1.464861512184e+00
2.633381875000e+05 1.467570900917e+00
2.633384375000e+05 1.466372728348e+00
2.633386875000e+05 1.467214345932e+00
2.633389375000e+05 1.467960476875e+00
2.633391562500e+05 1.465209364891e+00
2.633394062500e+05 1.460402250290e+00
2.633396562500e+05 1.461090445518e+00
2.633399062500e+05 1.465227723122e+00
2.633401562500e+05 1.463395953178e+00
2.633403750000e+05 1.464330315590e+00
2.633406250000e+05 1.465248584747e+00
2.633408750000e+05 1.461126327515e+00
2.633411250000e+05 1.461760401726e+00
2.633413750000e+05 1.465433955193e+00
2.633415937500e+05 1.462607145309e+00
2.633418437500e+05 1.460628032684e+00
2.633420937500e+05 1.460065364838e+00
2.633423437500e+05 1.459546089172e+00
2.633425937500e+05 1.459213614464e+00
2.633428125000e+05 1.457506656647e+00
2.633430625000e+05 1.458321213722e+00
2.633433125000e+05 1.463044524193e+00
2.633435625000e+05 1.466595053673e+00
2.633438125000e+05 1.465600848198e+00
2.633440625000e+05 1.460389614105e+00
2.633442812500e+05 1.457914829254e+00
2.633445312500e+05 1.463091850281e+00
2.633447812500e+05 1.468897104263e+00
2.633450312500e+05 1.467751741409e+00
2.633452812500e+05 1.465048909187e+00
2.633455000000e+05 1.465070128441e+00
2.633457500000e+05 1.464616179466e+00
2.633460000000e+05 1.463869214058e+00
2.633462500000e+05 1.465417981148e+00
2.633465000000e+05 1.467634320259e+00
2.633467187500e+05 1.467281699181e+00
2.633469687500e+05 1.463789463043e+00
2.633472187500e+05 1.461528539658e+00
2.633474687500e+05 1.462576150894e+00
2.633477187500e+05 1.464098811150e+00
2.633479687500e+05 1.466322183609e+00
2.633481875000e+05 1.470182776451e+00
2.633484375000e+05 1.472177863121e+00
2.633486875000e+05 1.471989989281e+00
2.633489375000e+05 1.469949841499e+00
2.633491875000e+05 1.467615723610e+00
2.633494062500e+05 1.463590502739e+00
2.633496562500e+05 1.459830045700e+00
2.633499062500e+05 1.460443854332e+00
2.633501562500e+05 1.459882020950e+00
2.633504062500e+05 1.456535696983e+00
2.633506250000e+05 1.458923101425e+00
2.633508750000e+05 1.464131593704e+00
2.633511250000e+05 1.462222337723e+00
2.633513750000e+05 1.461269736290e+00
2.633516250000e+05 1.466626644135e+00
2.633518750000e+05 1.467669963837e+00
2.633520937500e+05 1.463077664375e+00
2.633523437500e+05 1.460767269135e+00
2.633525937500e+05 1.462598681450e+00
2.633528437500e+05 1.462319016457e+00
2.633530937500e+05 1.458384990692e+00
2.633533125000e+05 1.458180546761e+00
2.633535625000e+05 1.463056206703e+00
2.633538125000e+05 1.466050624847e+00
2.633540625000e+05 1.464176893234e+00
2.633543125000e+05 1.459901452065e+00
2.633545312500e+05 1.458588480949e+00
2.633547812500e+05 1.461275577545e+00
2.633550312500e+05 1.461757540703e+00
2.633552812500e+05 1.461015105247e+00
2.633555312500e+05 1.457946181297e+00
2.633557812500e+05 1.456074953079e+00
2.633560000000e+05 1.461177945137e+00
2.633562500000e+05 1.465208292007e+00
2.633565000000e+05 1.462250113487e+00
2.633567500000e+05 1.459136366844e+00
2.633570000000e+05 1.459648847580e+00
2.633572187500e+05 1.460552930832e+00
2.633574687500e+05 1.460278153419e+00
2.633577187500e+05 1.459851503372e+00
2.633579687500e+05 1.461011528969e+00
2.633582187500e+05 1.462720751762e+00
2.633584375000e+05 1.462907075882e+00
2.633586875000e+05 1.460999131203e+00
2.633589375000e+05 1.461612343788e+00
2.633591875000e+05 1.464639425278e+00
2.633594375000e+05 1.463288426399e+00
2.633596875000e+05 1.461778640747e+00
2.633599062500e+05 1.468367695808e+00
2.633601562500e+05 1.471669197083e+00
2.633604062500e+05 1.468030095100e+00
2.633606562500e+05 1.467088460922e+00
2.633609062500e+05 1.465093851089e+00
2.633611250000e+05 1.460424900055e+00
2.633613750000e+05 1.462063550949e+00
2.633616250000e+05 1.463217616081e+00
2.633618750000e+05 1.461868286133e+00
2.633621250000e+05 1.460567831993e+00
2.633623437500e+05 1.459636092186e+00
2.633625937500e+05 1.459679722786e+00
2.633628437500e+05 1.462179422379e+00
2.633630937500e+05 1.464175224304e+00
2.633633437500e+05 1.464021563530e+00
2.633635625000e+05 1.462434768677e+00
2.633638125000e+05 1.462768554688e+00
2.633640625000e+05 1.464093208313e+00
2.633643125000e+05 1.463044404984e+00
2.633645625000e+05 1.463465929031e+00
2.633648125000e+05 1.464837431908e+00
2.633650312500e+05 1.465690016747e+00
2.633652812500e+05 1.467950105667e+00
2.633655312500e+05 1.469766616821e+00
2.633657812500e+05 1.467854022980e+00
2.633660312500e+05 1.466049075127e+00
2.633662500000e+05 1.466009497643e+00
2.633665000000e+05 1.464926838875e+00
2.633667500000e+05 1.462726116180e+00
2.633670000000e+05 1.461627840996e+00
2.633672500000e+05 1.459343671799e+00
2.633674687500e+05 1.457717895508e+00
2.633677187500e+05 1.458431720734e+00
2.633679687500e+05 1.460137009621e+00
2.633682187500e+05 1.460974335670e+00
2.633684687500e+05 1.461096048355e+00
2.633687187500e+05 1.461605787277e+00
2.633689375000e+05 1.463674902916e+00
2.633691875000e+05 1.465938329697e+00
2.633694375000e+05 1.465273976326e+00
2.633696875000e+05 1.461391448975e+00
2.633699375000e+05 1.460630774498e+00
2.633701562500e+05 1.461248636246e+00
2.633704062500e+05 1.459934473038e+00
2.633706562500e+05 1.462019920349e+00
2.633709062500e+05 1.464990854263e+00
2.633711562500e+05 1.462318897247e+00
2.633713750000e+05 1.458837509155e+00
2.633716250000e+05 1.458272695541e+00
2.633718750000e+05 1.459500074387e+00
2.633721250000e+05 1.456925153732e+00
2.633723750000e+05 1.455343008041e+00
2.633726250000e+05 1.459503531456e+00
2.633728437500e+05 1.462214946747e+00
2.633730937500e+05 1.462837457657e+00
2.633733437500e+05 1.461830615997e+00
2.633735937500e+05 1.462395906448e+00
2.633738437500e+05 1.463944554329e+00
2.633740625000e+05 1.463385343552e+00
2.633743125000e+05 1.464252114296e+00
2.633745625000e+05 1.463886141777e+00
2.633748125000e+05 1.459973454475e+00
2.633750625000e+05 1.458604693413e+00
2.633752812500e+05 1.459017157555e+00
2.633755312500e+05 1.458676695824e+00
2.633757812500e+05 1.460287451744e+00
2.633760312500e+05 1.462007641792e+00
2.633762812500e+05 1.459845542908e+00
2.633765312500e+05 1.456063866615e+00
2.633767500000e+05 1.456166267395e+00
2.633770000000e+05 1.459834098816e+00
2.633772500000e+05 1.461858034134e+00
2.633775000000e+05 1.465636610985e+00
2.633777500000e+05 1.466997861862e+00
2.633779687500e+05 1.461247801781e+00
2.633782187500e+05 1.458110809326e+00
2.633784687500e+05 1.459250688553e+00
2.633787187500e+05 1.457054495811e+00
2.633789687500e+05 1.453119635582e+00
2.633791875000e+05 1.454877614975e+00
2.633794375000e+05 1.458528161049e+00
2.633796875000e+05 1.460302829742e+00
2.633799375000e+05 1.460341334343e+00
2.633801875000e+05 1.458942174911e+00
2.633804375000e+05 1.457609057426e+00
2.633806562500e+05 1.455181717873e+00
2.633809062500e+05 1.457002520561e+00
2.633811562500e+05 1.459186792374e+00
2.633814062500e+05 1.458159565926e+00
2.633816562500e+05 1.458742141724e+00
2.633818750000e+05 1.460579991341e+00
2.633821250000e+05 1.460672497749e+00
2.633823750000e+05 1.463556885719e+00
2.633826250000e+05 1.466975450516e+00
2.633828750000e+05 1.465095639229e+00
2.633830937500e+05 1.461469173431e+00
2.633833437500e+05 1.461091399193e+00
2.633835937500e+05 1.462595701218e+00
2.633838437500e+05 1.464884996414e+00
2.633840937500e+05 1.465494871140e+00
2.633843125000e+05 1.465390801430e+00
2.633845625000e+05 1.462804198265e+00
2.633848125000e+05 1.458457350731e+00
2.633850625000e+05 1.458327293396e+00
2.633853125000e+05 1.459870100021e+00
2.633855625000e+05 1.461201429367e+00
2.633857812500e+05 1.462525844574e+00
2.633860312500e+05 1.463718652725e+00
2.633862812500e+05 1.462226510048e+00
2.633865312500e+05 1.461020827293e+00
2.633867812500e+05 1.462731242180e+00
2.633870000000e+05 1.465069532394e+00
2.633872500000e+05 1.466245770454e+00
2.633875000000e+05 1.466892361641e+00
2.633877500000e+05 1.467355489731e+00
2.633880000000e+05 1.467274665833e+00
2.633882187500e+05 1.466544508934e+00
2.633884687500e+05 1.463874697685e+00
2.633887187500e+05 1.458506703377e+00
2.633889687500e+05 1.457553505898e+00
2.633892187500e+05 1.459035277367e+00
2.633894687500e+05 1.460322499275e+00
2.633896875000e+05 1.460775971413e+00
2.633899375000e+05 1.459315419197e+00
2.633901875000e+05 1.458321690559e+00
2.633904375000e+05 1.459169387817e+00
2.633906875000e+05 1.460807323456e+00
2.633909062500e+05 1.457869648933e+00
2.633911562500e+05 1.454220652580e+00
2.633914062500e+05 1.454769015312e+00
2.633916562500e+05 1.459374904633e+00
2.633919062500e+05 1.462380766869e+00
2.633921250000e+05 1.463099241257e+00
2.633923750000e+05 1.463626146317e+00
2.633926250000e+05 1.463548183441e+00
2.633928750000e+05 1.463767051697e+00
2.633931250000e+05 1.463630557060e+00
2.633933750000e+05 1.461380243301e+00
2.633935937500e+05 1.460582852364e+00
2.633938437500e+05 1.463713169098e+00
2.633940937500e+05 1.467017173767e+00
2.633943437500e+05 1.468706846237e+00
2.633945937500e+05 1.469461679459e+00
2.633948125000e+05 1.469719529152e+00
2.633950625000e+05 1.467376351357e+00
2.633953125000e+05 1.466168284416e+00
2.633955625000e+05 1.465749382973e+00
2.633958125000e+05 1.464390039444e+00
2.633960312500e+05 1.466506004333e+00
2.633962812500e+05 1.468270182610e+00
2.633965312500e+05 1.464417219162e+00
2.633967812500e+05 1.463195800781e+00
2.633970312500e+05 1.468127131462e+00
2.633972812500e+05 1.471277117729e+00
2.633975000000e+05 1.471144199371e+00
2.633977500000e+05 1.473491787910e+00
2.633980000000e+05 1.472757577896e+00
2.633982500000e+05 1.466977715492e+00
2.633985000000e+05 1.467712879181e+00
2.633987187500e+05 1.469262480736e+00
2.633989687500e+05 1.465822339058e+00
2.633992187500e+05 1.464474320412e+00
2.633994687500e+05 1.465500354767e+00
2.633997187500e+05 1.464261889458e+00
2.633999375000e+05 1.463512539864e+00
2.634001875000e+05 1.467674612999e+00
2.634004375000e+05 1.469268679619e+00
2.634006875000e+05 1.463043928146e+00
2.634009375000e+05 1.459314823151e+00
2.634011875000e+05 1.461317658424e+00
2.634014062500e+05 1.461698889732e+00
2.634016562500e+05 1.459415316582e+00
2.634019062500e+05 1.458706140518e+00
2.634021562500e+05 1.458609461784e+00
2.634024062500e+05 1.460636734962e+00
2.634026250000e+05 1.466074824333e+00
2.634028750000e+05 1.468826174736e+00
2.634031250000e+05 1.471687078476e+00
2.634033750000e+05 1.478280544281e+00
2.634036250000e+05 1.485884308815e+00
2.634038437500e+05 1.486682057381e+00
2.634040937500e+05 1.477310895920e+00
2.634043437500e+05 1.466141939163e+00
2.634045937500e+05 1.461215257645e+00
2.634048437500e+05 1.462387442589e+00
2.634050625000e+05 1.463950514793e+00
2.634053125000e+05 1.460517168045e+00
2.634055625000e+05 1.458848953247e+00
2.634058125000e+05 1.461560010910e+00
2.634060625000e+05 1.465825557709e+00
2.634063125000e+05 1.466171860695e+00
2.634065312500e+05 1.462607860565e+00
2.634067812500e+05 1.460353493690e+00
2.634070312500e+05 1.460156202316e+00
2.634072812500e+05 1.463935732841e+00
2.634075312500e+05 1.464756846428e+00
2.634077500000e+05 1.462475538254e+00
2.634080000000e+05 1.463856697083e+00
2.634082500000e+05 1.466825604439e+00
2.634085000000e+05 1.469476819038e+00
2.634087500000e+05 1.469384074211e+00
2.634089687500e+05 1.465678811073e+00
2.634092187500e+05 1.464244127274e+00
2.634094687500e+05 1.465455532074e+00
2.634097187500e+05 1.466333866119e+00
2.634099687500e+05 1.464885473251e+00
2.634102187500e+05 1.465039849281e+00
2.634104375000e+05 1.467062950134e+00
2.634106875000e+05 1.466752290726e+00
2.634109375000e+05 1.464925289154e+00
2.634111875000e+05 1.464221715927e+00
2.634114375000e+05 1.464533925056e+00
2.634116562500e+05 1.465078592300e+00
2.634119062500e+05 1.465544700623e+00
2.634121562500e+05 1.465167045593e+00
2.634124062500e+05 1.464022397995e+00
2.634126562500e+05 1.466067910194e+00
2.634128750000e+05 1.466838240623e+00
2.634131250000e+05 1.462064504623e+00
2.634133750000e+05 1.458119750023e+00
2.634136250000e+05 1.458928227425e+00
2.634138750000e+05 1.458454608917e+00
2.634141250000e+05 1.455431222916e+00
2.634143437500e+05 1.456070423126e+00
2.634145937500e+05 1.459142327309e+00
2.634148437500e+05 1.459065675735e+00
2.634150937500e+05 1.455862045288e+00
2.634153437500e+05 1.453533530235e+00
2.634155625000e+05 1.457324624062e+00
2.634158125000e+05 1.459751963615e+00
2.634160625000e+05 1.457244515419e+00
2.634163125000e+05 1.454538583755e+00
2.634165625000e+05 1.455254077911e+00
2.634167812500e+05 1.458983302116e+00
2.634170312500e+05 1.460049390793e+00
2.634172812500e+05 1.458553075790e+00
2.634175312500e+05 1.459463715553e+00
2.634177812500e+05 1.457972884178e+00
2.634180312500e+05 1.454096198082e+00
2.634182500000e+05 1.454134702682e+00
2.634185000000e+05 1.457749962807e+00
2.634187500000e+05 1.461421370506e+00
2.634190000000e+05 1.464492321014e+00
2.634192500000e+05 1.465266227722e+00
2.634194687500e+05 1.465391159058e+00
2.634197187500e+05 1.462860584259e+00
2.634199687500e+05 1.459704518318e+00
2.634202187500e+05 1.458823084831e+00
2.634204687500e+05 1.460290551186e+00
2.634206875000e+05 1.464980840683e+00
2.634209375000e+05 1.468066453934e+00
2.634211875000e+05 1.468564629555e+00
2.634214375000e+05 1.467866659164e+00
2.634216875000e+05 1.465876936913e+00
2.634219375000e+05 1.463493704796e+00
2.634221562500e+05 1.460301041603e+00
2.634224062500e+05 1.460715413094e+00
2.634226562500e+05 1.464082598686e+00
2.634229062500e+05 1.467855691910e+00
2.634231562500e+05 1.469191312790e+00
2.634233750000e+05 1.469086170197e+00
2.634236250000e+05 1.467897534370e+00
2.634238750000e+05 1.465296626091e+00
2.634241250000e+05 1.462473273277e+00
2.634243750000e+05 1.462809324265e+00
2.634245937500e+05 1.464273691177e+00
2.634248437500e+05 1.464963078499e+00
2.634250937500e+05 1.465351343155e+00
2.634253437500e+05 1.464612007141e+00
2.634255937500e+05 1.461903572083e+00
2.634258125000e+05 1.460295081139e+00
2.634260625000e+05 1.461840510368e+00
2.634263125000e+05 1.463506817818e+00
2.634265625000e+05 1.460240244865e+00
2.634268125000e+05 1.457416057587e+00
2.634270625000e+05 1.460419893265e+00
2.634272812500e+05 1.463947415352e+00
2.634275312500e+05 1.462145328522e+00
2.634277812500e+05 1.458759188652e+00
2.634280312500e+05 1.458872079849e+00
2.634282812500e+05 1.460466146469e+00
2.634285000000e+05 1.459418773651e+00
2.634287500000e+05 1.461439728737e+00
2.634290000000e+05 1.466111063957e+00
2.634292500000e+05 1.466353774071e+00
2.634295000000e+05 1.464719891548e+00
2.634297187500e+05 1.463452935219e+00
2.634299687500e+05 1.462406754494e+00
2.634302187500e+05 1.461620330811e+00
2.634304687500e+05 1.461119532585e+00
2.634307187500e+05 1.463446974754e+00
2.634309687500e+05 1.466935396194e+00
2.634311875000e+05 1.470354318619e+00
2.634314375000e+05 1.473135948181e+00
2.634316875000e+05 1.472311139107e+00
2.634319375000e+05 1.467800855637e+00
2.634321875000e+05 1.465162277222e+00
2.634324062500e+05 1.464845538139e+00
2.634326562500e+05 1.464077115059e+00
2.634329062500e+05 1.465376019478e+00
2.634331562500e+05 1.470564007759e+00
2.634334062500e+05 1.473552942276e+00
2.634336250000e+05 1.471661806107e+00
2.634338750000e+05 1.468108534813e+00
2.634341250000e+05 1.468054890633e+00
2.634343750000e+05 1.468074560165e+00
2.634346250000e+05 1.463844537735e+00
2.634348750000e+05 1.462857842445e+00
2.634350937500e+05 1.466613173485e+00
2.634353437500e+05 1.468529462814e+00
2.634355937500e+05 1.470071315765e+00
2.634358437500e+05 1.472524881363e+00
2.634360937500e+05 1.473934173584e+00
2.634363125000e+05 1.470631122589e+00
2.634365625000e+05 1.467667341232e+00
2.634368125000e+05 1.468939661980e+00
2.634370625000e+05 1.471027731895e+00
2.634373125000e+05 1.471047282219e+00
2.634375312500e+05 1.468068957329e+00
2.634377812500e+05 1.466707229614e+00
2.634380312500e+05 1.466293454170e+00
2.634382812500e+05 1.463825941086e+00
2.634385312500e+05 1.463479161263e+00
2.634387812500e+05 1.464819192886e+00
2.634390000000e+05 1.461552143097e+00
2.634392500000e+05 1.457700610161e+00
2.634395000000e+05 1.458928465843e+00
2.634397500000e+05 1.458927512169e+00
2.634400000000e+05 1.457965612411e+00
2.634402187500e+05 1.458306789398e+00
2.634404687500e+05 1.461321949959e+00
2.634407187500e+05 1.465724825859e+00
2.634409687500e+05 1.466437339783e+00
2.634412187500e+05 1.461220502853e+00
2.634414375000e+05 1.457958102226e+00
2.634416875000e+05 1.458848476410e+00
2.634419375000e+05 1.458830356598e+00
2.634421875000e+05 1.459682106972e+00
2.634424375000e+05 1.463905930519e+00
2.634426875000e+05 1.468137979507e+00
2.634429062500e+05 1.468214631081e+00
2.634431562500e+05 1.466190338135e+00
2.634434062500e+05 1.466771483421e+00
2.634436562500e+05 1.470112442970e+00
2.634439062500e+05 1.471740007401e+00
2.634441250000e+05 1.469599485397e+00
2.634443750000e+05 1.467655420303e+00
2.634446250000e+05 1.465586066246e+00
2.634448750000e+05 1.462716579437e+00
2.634451250000e+05 1.462214589119e+00
2.634453437500e+05 1.461610078812e+00
2.634455937500e+05 1.460096359253e+00
2.634458437500e+05 1.461016416550e+00
2.634460937500e+05 1.463512182236e+00
2.634463437500e+05 1.463321924210e+00
2.634465625000e+05 1.463440895081e+00
2.634468125000e+05 1.464880108833e+00
2.634470625000e+05 1.465607523918e+00
2.634473125000e+05 1.465269684792e+00
2.634475625000e+05 1.461977720261e+00
2.634478125000e+05 1.458088636398e+00
2.634480312500e+05 1.459340691566e+00
2.634482812500e+05 1.462128162384e+00
2.634485312500e+05 1.460353970528e+00
2.634487812500e+05 1.455564975739e+00
2.634490312500e+05 1.452221274376e+00
2.634492500000e+05 1.454062342644e+00
2.634495000000e+05 1.459103465080e+00
2.634497500000e+05 1.464097619057e+00
2.634500000000e+05 1.465809226036e+00
2.634502500000e+05 1.462591528893e+00
2.634504687500e+05 1.460398554802e+00
2.634507187500e+05 1.463074564934e+00
2.634509687500e+05 1.467074036598e+00
2.634512187500e+05 1.469318985939e+00
2.634514687500e+05 1.467647910118e+00
2.634517187500e+05 1.467772722244e+00
2.634519375000e+05 1.470239281654e+00
2.634521875000e+05 1.469469070435e+00
2.634524375000e+05 1.463006138802e+00
2.634526875000e+05 1.460916519165e+00
2.634529375000e+05 1.464138269424e+00
2.634531562500e+05 1.465277910233e+00
2.634534062500e+05 1.465507626534e+00
2.634536562500e+05 1.467178821564e+00
2.634539062500e+05 1.466839432716e+00
2.634541562500e+05 1.464879512787e+00
2.634543750000e+05 1.465337514877e+00
2.634546250000e+05 1.466132640839e+00
2.634548750000e+05 1.463885068893e+00
2.634551250000e+05 1.461065888405e+00
2.634553750000e+05 1.459391593933e+00
2.634556250000e+05 1.459843397141e+00
2.634558437500e+05 1.460526347160e+00
2.634560937500e+05 1.459132194519e+00
2.634563437500e+05 1.458306789398e+00
2.634565937500e+05 1.458739757538e+00
2.634568437500e+05 1.459568500519e+00
2.634570625000e+05 1.461230516434e+00
2.634573125000e+05 1.466228365898e+00
2.634575625000e+05 1.465909004211e+00
2.634578125000e+05 1.466799736023e+00
2.634580625000e+05 1.464578628540e+00
2.634582812500e+05 1.461221337318e+00
2.634585312500e+05 1.462160468102e+00
2.634587812500e+05 1.463013648987e+00
2.634590312500e+05 1.460459828377e+00
2.634592812500e+05 1.459376931190e+00
2.634595312500e+05 1.459935665131e+00
2.634597500000e+05 1.458682417870e+00
2.634600000000e+05 1.457532525063e+00
2.634602500000e+05 1.458595156670e+00
2.634605000000e+05 1.460867762566e+00
2.634607500000e+05 1.463859200478e+00
2.634609687500e+05 1.468247294426e+00
2.634612187500e+05 1.469679474831e+00
2.634614687500e+05 1.465851426125e+00
2.634617187500e+05 1.465105056763e+00
2.634619687500e+05 1.469087123871e+00
2.634621875000e+05 1.470053076744e+00
2.634624375000e+05 1.468349456787e+00
2.634626875000e+05 1.465765953064e+00
2.634629375000e+05 1.461435914040e+00
2.634631875000e+05 1.457973361015e+00
2.634634375000e+05 1.453944802284e+00
2.634636562500e+05 1.453478097916e+00
2.634639062500e+05 1.458928823471e+00
2.634641562500e+05 1.461720824242e+00
2.634644062500e+05 1.464243412018e+00
2.634646562500e+05 1.468692421913e+00
2.634648750000e+05 1.467442035675e+00
2.634651250000e+05 1.463429570198e+00
2.634653750000e+05 1.464700579643e+00
2.634656250000e+05 1.466357231140e+00
2.634658750000e+05 1.464558482170e+00
2.634660937500e+05 1.463586926460e+00
2.634663437500e+05 1.466060757637e+00
2.634665937500e+05 1.466117978096e+00
2.634668437500e+05 1.461995720863e+00
2.634670937500e+05 1.459708809853e+00
2.634673125000e+05 1.462587356567e+00
2.634675625000e+05 1.463521242142e+00
2.634678125000e+05 1.461587071419e+00
2.634680625000e+05 1.463081836700e+00
2.634683125000e+05 1.464362978935e+00
2.634685625000e+05 1.459821462631e+00
2.634687812500e+05 1.453144192696e+00
2.634690312500e+05 1.455423831940e+00
2.634692812500e+05 1.459832787514e+00
2.634695312500e+05 1.458554506302e+00
2.634697812500e+05 1.456289052963e+00
2.634700000000e+05 1.456196427345e+00
2.634702500000e+05 1.457634806633e+00
2.634705000000e+05 1.458005428314e+00
2.634707500000e+05 1.455989003181e+00
2.634710000000e+05 1.456632018089e+00
2.634712187500e+05 1.460615277290e+00
2.634714687500e+05 1.460632324219e+00
2.634717187500e+05 1.456076622009e+00
2.634719687500e+05 1.454605102539e+00
2.634722187500e+05 1.456722855568e+00
2.634724687500e+05 1.459449291229e+00
2.634726875000e+05 1.461596608162e+00
2.634729375000e+05 1.460609078407e+00
2.634731875000e+05 1.460666894913e+00
2.634734375000e+05 1.462448358536e+00
2.634736875000e+05 1.463800430298e+00
2.634739062500e+05 1.464317083359e+00
2.634741562500e+05 1.465208411217e+00
2.634744062500e+05 1.463431715965e+00
2.634746562500e+05 1.458577275276e+00
2.634749062500e+05 1.454576849937e+00
2.634751250000e+05 1.452111840248e+00
2.634753750000e+05 1.454768896103e+00
2.634756250000e+05 1.459934234619e+00
2.634758750000e+05 1.465687036514e+00
2.634761250000e+05 1.468540668488e+00
2.634763750000e+05 1.467526078224e+00
2.634765937500e+05 1.465975761414e+00
2.634768437500e+05 1.468171000481e+00
2.634770937500e+05 1.470121741295e+00
2.634773437500e+05 1.468923449516e+00
2.634775937500e+05 1.469062685966e+00
2.634778125000e+05 1.470305085182e+00
2.634780625000e+05 1.468620777130e+00
2.634783125000e+05 1.464654922485e+00
2.634785625000e+05 1.462857604027e+00
2.634788125000e+05 1.463673949242e+00
2.634790312500e+05 1.465134501457e+00
2.634792812500e+05 1.467003226280e+00
2.634795312500e+05 1.465583682060e+00
2.634797812500e+05 1.465120077133e+00
2.634800312500e+05 1.466921091080e+00
2.634802812500e+05 1.467933416367e+00
2.634805000000e+05 1.468053817749e+00
2.634807500000e+05 1.468256235123e+00
2.634810000000e+05 1.469258546829e+00
2.634812500000e+05 1.470088720322e+00
2.634815000000e+05 1.468745112419e+00
2.634817187500e+05 1.467703580856e+00
2.634819687500e+05 1.467750430107e+00
2.634822187500e+05 1.467798829079e+00
2.634824687500e+05 1.466278433800e+00
2.634827187500e+05 1.464899778366e+00
2.634829375000e+05 1.467466950417e+00
2.634831875000e+05 1.468453288078e+00
2.634834375000e+05 1.466235995293e+00
2.634836875000e+05 1.462834358215e+00
2.634839375000e+05 1.462334752083e+00
2.634841875000e+05 1.465239524841e+00
2.634844062500e+05 1.466441035271e+00
2.634846562500e+05 1.467818021774e+00
2.634849062500e+05 1.466496348381e+00
2.634851562500e+05 1.462509870529e+00
2.634854062500e+05 1.462129116058e+00
2.634856250000e+05 1.465053677559e+00
2.634858750000e+05 1.464701175690e+00
2.634861250000e+05 1.464573264122e+00
2.634863750000e+05 1.467731833458e+00
2.634866250000e+05 1.468844532967e+00
2.634868437500e+05 1.465046286583e+00
2.634870937500e+05 1.462675690651e+00
2.634873437500e+05 1.466177225113e+00
2.634875937500e+05 1.466293573380e+00
2.634878437500e+05 1.461877584457e+00
2.634880625000e+05 1.459842085838e+00
2.634883125000e+05 1.462324261665e+00
2.634885625000e+05 1.465678095818e+00
2.634888125000e+05 1.464268088341e+00
2.634890625000e+05 1.462171673775e+00
2.634893125000e+05 1.462463617325e+00
2.634895312500e+05 1.464151024818e+00
2.634897812500e+05 1.464930295944e+00
2.634900312500e+05 1.464296102524e+00
2.634902812500e+05 1.462631583214e+00
2.634905312500e+05 1.461243391037e+00
2.634907500000e+05 1.462645411491e+00
2.634910000000e+05 1.466416001320e+00
2.634912500000e+05 1.466565489769e+00
2.634915000000e+05 1.464596033096e+00
2.634917500000e+05 1.463593363762e+00
2.634919687500e+05 1.462641954422e+00
2.634922187500e+05 1.462592363358e+00
2.634924687500e+05 1.462924003601e+00
2.634927187500e+05 1.462814807892e+00
2.634929687500e+05 1.462822556496e+00
2.634932187500e+05 1.464183568954e+00
2.634934375000e+05 1.465050458908e+00
2.634936875000e+05 1.465926766396e+00
2.634939375000e+05 1.467828750610e+00
2.634941875000e+05 1.469152212143e+00
2.634944375000e+05 1.468939781189e+00
2.634946562500e+05 1.467941403389e+00
2.634949062500e+05 1.467907547951e+00
2.634951562500e+05 1.467515230179e+00
2.634954062500e+05 1.466325521469e+00
2.634956562500e+05 1.465286970139e+00
2.634958750000e+05 1.466415882111e+00
2.634961250000e+05 1.468670845032e+00
2.634963750000e+05 1.470877289772e+00
2.634966250000e+05 1.472210049629e+00
2.634968750000e+05 1.472860574722e+00
2.634971250000e+05 1.469311118126e+00
2.634973437500e+05 1.463142395020e+00
2.634975937500e+05 1.461511135101e+00
2.634978437500e+05 1.464769959450e+00
2.634980937500e+05 1.469237685204e+00
2.634983437500e+05 1.474597334862e+00
2.634985625000e+05 1.475577831268e+00
2.634988125000e+05 1.472944378853e+00
2.634990625000e+05 1.472325921059e+00
2.634993125000e+05 1.472905516624e+00
2.634995625000e+05 1.471459984779e+00
2.634997812500e+05 1.470578312874e+00
2.635000312500e+05 1.471377372742e+00
2.635002812500e+05 1.470288991928e+00
2.635005312500e+05 1.469902396202e+00
2.635007812500e+05 1.467659592628e+00
2.635010312500e+05 1.465212345123e+00
2.635012500000e+05 1.463256835938e+00
2.635015000000e+05 1.463037014008e+00
2.635017500000e+05 1.466289281845e+00
2.635020000000e+05 1.467661499977e+00
2.635022500000e+05 1.465802788734e+00
2.635024687500e+05 1.463592052460e+00
2.635027187500e+05 1.459918260574e+00
2.635029687500e+05 1.459036588669e+00
2.635032187500e+05 1.464025855064e+00
2.635034687500e+05 1.469697356224e+00
2.635036875000e+05 1.469820618629e+00
2.635039375000e+05 1.468902587891e+00
2.635041875000e+05 1.469036459923e+00
2.635044375000e+05 1.467393517494e+00
2.635046875000e+05 1.464287638664e+00
2.635049375000e+05 1.461351394653e+00
2.635051562500e+05 1.460184335709e+00
2.635054062500e+05 1.462687373161e+00
2.635056562500e+05 1.467853546143e+00
2.635059062500e+05 1.472121715546e+00
2.635061562500e+05 1.470997810364e+00
2.635063750000e+05 1.465999364853e+00
2.635066250000e+05 1.465054512024e+00
2.635068750000e+05 1.466987729073e+00
2.635071250000e+05 1.467721581459e+00
2.635073750000e+05 1.467294692993e+00
2.635075937500e+05 1.465238809586e+00
2.635078437500e+05 1.462713956833e+00
2.635080937500e+05 1.465264678001e+00
2.635083437500e+05 1.467756748199e+00
2.635085937500e+05 1.464702248573e+00
2.635088125000e+05 1.464567065239e+00
2.635090625000e+05 1.467516064644e+00
2.635093125000e+05 1.464755177498e+00
2.635095625000e+05 1.462162137032e+00
2.635098125000e+05 1.464127898216e+00
2.635100625000e+05 1.464084029198e+00
2.635102812500e+05 1.460320353508e+00
2.635105312500e+05 1.459354519844e+00
2.635107812500e+05 1.462467312813e+00
2.635110312500e+05 1.467584729195e+00
2.635112812500e+05 1.470555543900e+00
2.635115000000e+05 1.471127271652e+00
2.635117500000e+05 1.473001599312e+00
2.635120000000e+05 1.474562525749e+00
2.635122500000e+05 1.473807215691e+00
2.635125000000e+05 1.469598293304e+00
2.635127187500e+05 1.464570641518e+00
2.635129687500e+05 1.463658809662e+00
2.635132187500e+05 1.465694665909e+00
2.635134687500e+05 1.468426585197e+00
2.635137187500e+05 1.469473481178e+00
2.635139687500e+05 1.470484495163e+00
2.635141875000e+05 1.473724722862e+00
2.635144375000e+05 1.475778102875e+00
2.635146875000e+05 1.475502848625e+00
2.635149375000e+05 1.474165678024e+00
2.635151875000e+05 1.478685140610e+00
2.635154062500e+05 1.485714197159e+00
2.635156562500e+05 1.490637540817e+00
2.635159062500e+05 1.507072806358e+00
2.635161562500e+05 1.529576659203e+00
2.635164062500e+05 1.534504532814e+00
2.635166250000e+05 1.513392686844e+00
2.635168750000e+05 1.486783504486e+00
2.635171250000e+05 1.476316332817e+00
2.635173750000e+05 1.475470542908e+00
2.635176250000e+05 1.471235156059e+00
2.635178750000e+05 1.463229060173e+00
2.635180937500e+05 1.461039900780e+00
2.635183437500e+05 1.465000033379e+00
2.635185937500e+05 1.468022823334e+00
2.635188437500e+05 1.469108343124e+00
2.635190937500e+05 1.467308044434e+00
2.635193125000e+05 1.461398363113e+00
2.635195625000e+05 1.457224845886e+00
2.635198125000e+05 1.456384658813e+00
2.635200625000e+05 1.459549665451e+00
2.635203125000e+05 1.466055393219e+00
2.635205312500e+05 1.469267129898e+00
2.635207812500e+05 1.469074368477e+00
2.635210312500e+05 1.468270659447e+00
2.635212812500e+05 1.464574575424e+00
2.635215312500e+05 1.461287260056e+00
2.635217812500e+05 1.460678219795e+00
2.635220000000e+05 1.463775992393e+00
2.635222500000e+05 1.466141939163e+00
2.635225000000e+05 1.462977290154e+00
2.635227500000e+05 1.462889075279e+00
2.635230000000e+05 1.464990496635e+00
2.635232187500e+05 1.465033650398e+00
2.635234687500e+05 1.464948534966e+00
2.635237187500e+05 1.464033126831e+00
2.635239687500e+05 1.464246630669e+00
2.635242187500e+05 1.466678261757e+00
2.635244375000e+05 1.467452883720e+00
2.635246875000e+05 1.468078136444e+00
2.635249375000e+05 1.466919183731e+00
2.635251875000e+05 1.464446544647e+00
2.635254375000e+05 1.465023875237e+00
2.635256875000e+05 1.465259194374e+00
2.635259062500e+05 1.461156725883e+00
2.635261562500e+05 1.459809422493e+00
2.635264062500e+05 1.462602615356e+00
2.635266562500e+05 1.463093519211e+00
2.635269062500e+05 1.461320638657e+00
2.635271250000e+05 1.461299419403e+00
2.635273750000e+05 1.462681889534e+00
2.635276250000e+05 1.463519811630e+00
2.635278750000e+05 1.464095711708e+00
2.635281250000e+05 1.464334487915e+00
2.635283437500e+05 1.463221073151e+00
2.635285937500e+05 1.463085174561e+00
2.635288437500e+05 1.467353582382e+00
2.635290937500e+05 1.471235036850e+00
2.635293437500e+05 1.469918608665e+00
2.635295625000e+05 1.465795397758e+00
2.635298125000e+05 1.464271664619e+00
2.635300625000e+05 1.465975284576e+00
2.635303125000e+05 1.467081069946e+00
2.635305625000e+05 1.461812615395e+00
2.635308125000e+05 1.456105113029e+00
2.635310312500e+05 1.457896947861e+00
2.635312812500e+05 1.463620066643e+00
2.635315312500e+05 1.468315958977e+00
2.635317812500e+05 1.468825578690e+00
2.635320312500e+05 1.466729640961e+00
2.635322500000e+05 1.464366674423e+00
2.635325000000e+05 1.464739084244e+00
2.635327500000e+05 1.466335773468e+00
2.635330000000e+05 1.469281792641e+00
2.635332500000e+05 1.470323681831e+00
2.635334687500e+05 1.467774868011e+00
2.635337187500e+05 1.464989542961e+00
2.635339687500e+05 1.464555621147e+00
2.635342187500e+05 1.463991403580e+00
2.635344687500e+05 1.466173052788e+00
2.635347187500e+05 1.468532800674e+00
2.635349375000e+05 1.467041134834e+00
2.635351875000e+05 1.464334487915e+00
2.635354375000e+05 1.461444973946e+00
2.635356875000e+05 1.461270213127e+00
2.635359375000e+05 1.461285710335e+00
2.635361562500e+05 1.461912989616e+00
2.635364062500e+05 1.462162971497e+00
2.635366562500e+05 1.460482001305e+00
2.635369062500e+05 1.459954142570e+00
2.635371562500e+05 1.460108876228e+00
2.635373750000e+05 1.461496591568e+00
2.635376250000e+05 1.463831901550e+00
2.635378750000e+05 1.465269684792e+00
2.635381250000e+05 1.464770317078e+00
2.635383750000e+05 1.462255835533e+00
2.635386250000e+05 1.459732651711e+00
2.635388437500e+05 1.456505656242e+00
2.635390937500e+05 1.455413699150e+00
2.635393437500e+05 1.458588480949e+00
2.635395937500e+05 1.461951613426e+00
2.635398437500e+05 1.461846947670e+00
2.635400625000e+05 1.462220191956e+00
2.635403125000e+05 1.465678095818e+00
2.635405625000e+05 1.467199921608e+00
2.635408125000e+05 1.463228464127e+00
2.635410625000e+05 1.457431316376e+00
2.635412812500e+05 1.457040667534e+00
2.635415312500e+05 1.459090232849e+00
2.635417812500e+05 1.463404774666e+00
2.635420312500e+05 1.467834472656e+00
2.635422812500e+05 1.467038035393e+00
2.635425312500e+05 1.463661313057e+00
2.635427500000e+05 1.461208701134e+00
2.635430000000e+05 1.461818099022e+00
2.635432500000e+05 1.463531851768e+00
2.635435000000e+05 1.464523673058e+00
2.635437500000e+05 1.467218875885e+00
2.635439687500e+05 1.467912912369e+00
2.635442187500e+05 1.466980338097e+00
2.635444687500e+05 1.468638896942e+00
2.635447187500e+05 1.466767549515e+00
2.635449687500e+05 1.462560534477e+00
2.635451875000e+05 1.464031219482e+00
2.635454375000e+05 1.467226386070e+00
2.635456875000e+05 1.467933654785e+00
2.635459375000e+05 1.469932794571e+00
2.635461875000e+05 1.470556855202e+00
2.635464375000e+05 1.468702197075e+00
2.635466562500e+05 1.467702150345e+00
2.635469062500e+05 1.466391801834e+00
2.635471562500e+05 1.468116164207e+00
2.635474062500e+05 1.471617102623e+00
2.635476562500e+05 1.470537304878e+00
2.635478750000e+05 1.469478011131e+00
2.635481250000e+05 1.470739364624e+00
2.635483750000e+05 1.471242427826e+00
2.635486250000e+05 1.470810174942e+00
2.635488750000e+05 1.469287157059e+00
2.635490937500e+05 1.468255996704e+00
2.635493437500e+05 1.465801477432e+00
2.635495937500e+05 1.462614893913e+00
2.635498437500e+05 1.460514545441e+00
2.635500937500e+05 1.461622953415e+00
2.635503125000e+05 1.462613701820e+00
2.635505625000e+05 1.464556336403e+00
2.635508125000e+05 1.468144774437e+00
2.635510625000e+05 1.471139550209e+00
2.635513125000e+05 1.471759915352e+00
2.635515625000e+05 1.468899488449e+00
2.635517812500e+05 1.465739130974e+00
2.635520312500e+05 1.465883612633e+00
2.635522812500e+05 1.468880176544e+00
2.635525312500e+05 1.471225261688e+00
2.635527812500e+05 1.469704985619e+00
2.635530000000e+05 1.466482162476e+00
2.635532500000e+05 1.464314818382e+00
2.635535000000e+05 1.464184045792e+00
2.635537500000e+05 1.464004635811e+00
2.635540000000e+05 1.463439702988e+00
2.635542187500e+05 1.466100215912e+00
2.635544687500e+05 1.467280030251e+00
2.635547187500e+05 1.465423941612e+00
2.635549687500e+05 1.466523766518e+00
2.635552187500e+05 1.464505076408e+00
2.635554687500e+05 1.460595488548e+00
2.635556875000e+05 1.463146090508e+00
2.635559375000e+05 1.465192914009e+00
2.635561875000e+05 1.464670181274e+00
2.635564375000e+05 1.463832378387e+00
2.635566875000e+05 1.463505744934e+00
2.635569062500e+05 1.462471842766e+00
2.635571562500e+05 1.459320187569e+00
2.635574062500e+05 1.459985613823e+00
2.635576562500e+05 1.461761713028e+00
2.635579062500e+05 1.461674571037e+00
2.635581250000e+05 1.460627794266e+00
2.635583750000e+05 1.463387250900e+00
2.635586250000e+05 1.465283155441e+00
2.635588750000e+05 1.461544036865e+00
2.635591250000e+05 1.463763117790e+00
2.635593750000e+05 1.468707799911e+00
2.635595937500e+05 1.468277931213e+00
2.635598437500e+05 1.467903614044e+00
2.635600937500e+05 1.467769145966e+00
2.635603437500e+05 1.466874957085e+00
2.635605937500e+05 1.465298295021e+00
2.635608125000e+05 1.461954355240e+00
2.635610625000e+05 1.460900187492e+00
2.635613125000e+05 1.460521101952e+00
2.635615625000e+05 1.459263920784e+00
2.635618125000e+05 1.460721135139e+00
2.635620312500e+05 1.466801285744e+00
2.635622812500e+05 1.469217061996e+00
2.635625312500e+05 1.466541409492e+00
2.635627812500e+05 1.465480804443e+00
2.635630312500e+05 1.465901494026e+00
2.635632812500e+05 1.461924672127e+00
2.635635000000e+05 1.460337758064e+00
2.635637500000e+05 1.466552972794e+00
2.635640000000e+05 1.468360066414e+00
2.635642500000e+05 1.467986941338e+00
2.635645000000e+05 1.471601128578e+00
2.635647187500e+05 1.472469449043e+00
2.635649687500e+05 1.470137119293e+00
2.635652187500e+05 1.470160961151e+00
2.635654687500e+05 1.468026518822e+00
2.635657187500e+05 1.463259220123e+00
2.635659375000e+05 1.462606072426e+00
2.635661875000e+05 1.467575311661e+00
2.635664375000e+05 1.469029188156e+00
2.635666875000e+05 1.466409325600e+00
2.635669375000e+05 1.466218948364e+00
2.635671875000e+05 1.468155741692e+00
2.635674062500e+05 1.470025062561e+00
2.635676562500e+05 1.472671866417e+00
2.635679062500e+05 1.472314000130e+00
2.635681562500e+05 1.470493912697e+00
2.635684062500e+05 1.469471216202e+00
2.635686250000e+05 1.468763709068e+00
2.635688750000e+05 1.468355655670e+00
2.635691250000e+05 1.469689965248e+00
2.635693750000e+05 1.473547458649e+00
2.635696250000e+05 1.475225687027e+00
2.635698437500e+05 1.472196578979e+00
2.635700937500e+05 1.467856645584e+00
2.635703437500e+05 1.467999577522e+00
2.635705937500e+05 1.473144173622e+00
2.635708437500e+05 1.472340822220e+00
2.635710625000e+05 1.469712972641e+00
2.635713125000e+05 1.468070983887e+00
2.635715625000e+05 1.467801690102e+00
2.635718125000e+05 1.469364762306e+00
2.635720625000e+05 1.467693090439e+00
2.635723125000e+05 1.465332269669e+00
2.635725312500e+05 1.463367700577e+00
2.635727812500e+05 1.464136242867e+00
2.635730312500e+05 1.468982219696e+00
2.635732812500e+05 1.472578525543e+00
2.635735312500e+05 1.471578598022e+00
2.635737500000e+05 1.466513395309e+00
2.635740000000e+05 1.462243556976e+00
2.635742500000e+05 1.463234186172e+00
