#title: Spectral profile - Win3.clean0.image-raster
#region (world): Ellipse[[16:58:49.516, -20d57m16.516], [16:58:49.359, -20d57m14.74]]
#region (pixel): Ellipse[[181, 182], [203, 200]]
#coordinate: world
#xLabel: frequency [MHz]
#yLabel: [Jy] Flux Density

# Win2.clean0.image-raster
2.619158437500e+05 1.242341399193e+00
2.619160781250e+05 1.437605857849e+00
2.619163281250e+05 1.439031600952e+00
2.619165781250e+05 1.437980532646e+00
2.619168125000e+05 1.435567378998e+00
2.619170625000e+05 1.438104510307e+00
2.619173125000e+05 1.441387772560e+00
2.619175468750e+05 1.438718676567e+00
2.619177968750e+05 1.437849044800e+00
2.619180312500e+05 1.438302040100e+00
2.619182812500e+05 1.433840990067e+00
2.619185312500e+05 1.437353014946e+00
2.619187656250e+05 1.445201635361e+00
2.619190156250e+05 1.444664716721e+00
2.619192656250e+05 1.444936633110e+00
2.619195000000e+05 1.443272113800e+00
2.619197500000e+05 1.436460375786e+00
2.619199843750e+05 1.432991862297e+00
2.619202343750e+05 1.434219837189e+00
2.619204843750e+05 1.436282157898e+00
2.619207187500e+05 1.439130544662e+00
2.619209687500e+05 1.439595818520e+00
2.619212187500e+05 1.440898180008e+00
2.619214531250e+05 1.441278815269e+00
2.619217031250e+05 1.437602043152e+00
2.619219375000e+05 1.436249971390e+00
2.619221875000e+05 1.439705848694e+00
2.619224375000e+05 1.438979506493e+00
2.619226718750e+05 1.431958794594e+00
2.619229218750e+05 1.430425882339e+00
2.619231718750e+05 1.437576413155e+00
2.619234062500e+05 1.443489313126e+00
2.619236562500e+05 1.442969560623e+00
2.619238906250e+05 1.442388534546e+00
2.619241406250e+05 1.444130897522e+00
2.619243906250e+05 1.450239896774e+00
2.619246250000e+05 1.452229380608e+00
2.619248750000e+05 1.447460055351e+00
2.619251250000e+05 1.446699738503e+00
2.619253593750e+05 1.444636821747e+00
2.619256093750e+05 1.439498782158e+00
2.619258437500e+05 1.441726207733e+00
2.619260937500e+05 1.444255709648e+00
2.619263437500e+05 1.444803953171e+00
2.619265781250e+05 1.445438504219e+00
2.619268281250e+05 1.445799946785e+00
2.619270625000e+05 1.448425173759e+00
2.619273125000e+05 1.449656486511e+00
2.619275625000e+05 1.440116167068e+00
2.619277968750e+05 1.438363194466e+00
2.619280468750e+05 1.446998953819e+00
2.619282968750e+05 1.446683645248e+00
2.619285312500e+05 1.441015124321e+00
2.619287812500e+05 1.439171433449e+00
2.619290156250e+05 1.439628601074e+00
2.619292656250e+05 1.443447947502e+00
2.619295156250e+05 1.446771502495e+00
2.619297500000e+05 1.443951368332e+00
2.619300000000e+05 1.437805414200e+00
2.619302500000e+05 1.441790938377e+00
2.619304843750e+05 1.449736356735e+00
2.619307343750e+05 1.446218371391e+00
2.619309687500e+05 1.439359784126e+00
2.619312187500e+05 1.441948056221e+00
2.619314687500e+05 1.446513295174e+00
2.619317031250e+05 1.448367357254e+00
2.619319531250e+05 1.451430439949e+00
2.619322031250e+05 1.452335119247e+00
2.619324375000e+05 1.449692964554e+00
2.619326875000e+05 1.448538064957e+00
2.619329218750e+05 1.452699542046e+00
2.619331718750e+05 1.452532172203e+00
2.619334218750e+05 1.446617007256e+00
2.619336562500e+05 1.444326162338e+00
2.619339062500e+05 1.444692611694e+00
2.619341562500e+05 1.444410562515e+00
2.619343906250e+05 1.443209052086e+00
2.619346406250e+05 1.443955659866e+00
2.619348750000e+05 1.444356918335e+00
2.619351250000e+05 1.446262717247e+00
2.619353750000e+05 1.449318647385e+00
2.619356093750e+05 1.447163820267e+00
2.619358593750e+05 1.442888736725e+00
2.619361093750e+05 1.442752003670e+00
2.619363437500e+05 1.446171402931e+00
2.619365937500e+05 1.447025060654e+00
2.619368281250e+05 1.444902062416e+00
2.619370781250e+05 1.445106983185e+00
2.619373281250e+05 1.447957634926e+00
2.619375625000e+05 1.447442412376e+00
2.619378125000e+05 1.447198152542e+00
2.619380625000e+05 1.449777245522e+00
2.619382968750e+05 1.450672984123e+00
2.619385468750e+05 1.449400424957e+00
2.619387812500e+05 1.446347475052e+00
2.619390312500e+05 1.445842146873e+00
2.619392812500e+05 1.449226737022e+00
2.619395156250e+05 1.448302507401e+00
2.619397656250e+05 1.447258234024e+00
2.619400156250e+05 1.451722621918e+00
2.619402500000e+05 1.451692700386e+00
2.619405000000e+05 1.445804357529e+00
2.619407343750e+05 1.445542931557e+00
2.619409843750e+05 1.454055309296e+00
2.619412343750e+05 1.455372571945e+00
2.619414687500e+05 1.450673818588e+00
2.619417187500e+05 1.446222662926e+00
2.619419687500e+05 1.443382382393e+00
2.619422031250e+05 1.446410894394e+00
2.619424531250e+05 1.449900746346e+00
2.619426875000e+05 1.446963071823e+00
2.619429375000e+05 1.444826722145e+00
2.619431875000e+05 1.445258975029e+00
2.619434218750e+05 1.446390628815e+00
2.619436718750e+05 1.443737268448e+00
2.619439218750e+05 1.442708253860e+00
2.619441562500e+05 1.441134572029e+00
2.619444062500e+05 1.440879583359e+00
2.619446406250e+05 1.444931149483e+00
2.619448906250e+05 1.449143648148e+00
2.619451406250e+05 1.446550846100e+00
2.619453750000e+05 1.439231276512e+00
2.619456250000e+05 1.434939980507e+00
2.619458750000e+05 1.433720827103e+00
2.619461093750e+05 1.438330888748e+00
2.619463593750e+05 1.444378495216e+00
2.619465937500e+05 1.444884538651e+00
2.619468437500e+05 1.442271828651e+00
2.619470937500e+05 1.439376592636e+00
2.619473281250e+05 1.439996004105e+00
2.619475781250e+05 1.442218780518e+00
2.619478125000e+05 1.442029237747e+00
2.619480625000e+05 1.438988804817e+00
2.619483125000e+05 1.435546398163e+00
2.619485468750e+05 1.436286330223e+00
2.619487968750e+05 1.441438674927e+00
2.619490468750e+05 1.445185899734e+00
2.619492812500e+05 1.443967461586e+00
2.619495312500e+05 1.437835335732e+00
2.619497656250e+05 1.436379194260e+00
2.619500156250e+05 1.439573049545e+00
2.619502656250e+05 1.444295406342e+00
2.619505000000e+05 1.449691057205e+00
2.619507500000e+05 1.449797391891e+00
2.619510000000e+05 1.444301009178e+00
2.619512343750e+05 1.438371300697e+00
2.619514843750e+05 1.435604333878e+00
2.619517187500e+05 1.435645937920e+00
2.619519687500e+05 1.439382672310e+00
2.619522187500e+05 1.443619847298e+00
2.619524531250e+05 1.447205185890e+00
2.619527031250e+05 1.448194742203e+00
2.619529531250e+05 1.446935296059e+00
2.619531875000e+05 1.446224093437e+00
2.619534375000e+05 1.447497963905e+00
2.619536718750e+05 1.449420094490e+00
2.619539218750e+05 1.449623107910e+00
2.619541718750e+05 1.451757073402e+00
2.619544062500e+05 1.456939816475e+00
2.619546562500e+05 1.456339836121e+00
2.619549062500e+05 1.446548700333e+00
2.619551406250e+05 1.437859535217e+00
2.619553906250e+05 1.437890291214e+00
2.619556250000e+05 1.439556479454e+00
2.619558750000e+05 1.442832469940e+00
2.619561250000e+05 1.444136023521e+00
2.619563593750e+05 1.442839145660e+00
2.619566093750e+05 1.443690657616e+00
2.619568593750e+05 1.446212291718e+00
2.619570937500e+05 1.446265459061e+00
2.619573437500e+05 1.447237133980e+00
2.619575781250e+05 1.444303274155e+00
2.619578281250e+05 1.437322974205e+00
2.619580781250e+05 1.435455560684e+00
2.619583125000e+05 1.438358783722e+00
2.619585625000e+05 1.442254543304e+00
2.619588125000e+05 1.444053649902e+00
2.619590468750e+05 1.443615913391e+00
2.619592968750e+05 1.441577792168e+00
2.619595312500e+05 1.436837792397e+00
2.619597812500e+05 1.432805657387e+00
2.619600312500e+05 1.436096429825e+00
2.619602656250e+05 1.441320061684e+00
2.619605156250e+05 1.439418077469e+00
2.619607656250e+05 1.434949874878e+00
2.619610000000e+05 1.438737869263e+00
2.619612500000e+05 1.451373696327e+00
2.619614843750e+05 1.456838250160e+00
2.619617343750e+05 1.451517581940e+00
2.619619843750e+05 1.445656061172e+00
2.619622187500e+05 1.443443536758e+00
2.619624687500e+05 1.440722942352e+00
2.619627187500e+05 1.438587784767e+00
2.619629531250e+05 1.438712835312e+00
2.619632031250e+05 1.440601468086e+00
2.619634375000e+05 1.439545154572e+00
2.619636875000e+05 1.439505338669e+00
2.619639375000e+05 1.439000725746e+00
2.619641718750e+05 1.438848614693e+00
2.619644218750e+05 1.438918590546e+00
2.619646718750e+05 1.439685940742e+00
2.619649062500e+05 1.443812966347e+00
2.619651562500e+05 1.449644207954e+00
2.619653906250e+05 1.451470255852e+00
2.619656406250e+05 1.447686076164e+00
2.619658906250e+05 1.442806720734e+00
2.619661250000e+05 1.440904498100e+00
2.619663750000e+05 1.441281318665e+00
2.619666250000e+05 1.442649006844e+00
2.619668593750e+05 1.443441033363e+00
2.619671093750e+05 1.447438955307e+00
2.619673437500e+05 1.451112031937e+00
2.619675937500e+05 1.450560688972e+00
2.619678437500e+05 1.447875499725e+00
2.619680781250e+05 1.444170832634e+00
2.619683281250e+05 1.442995309830e+00
2.619685625000e+05 1.442230939865e+00
2.619688125000e+05 1.438715815544e+00
2.619690625000e+05 1.438492417336e+00
2.619692968750e+05 1.440897941589e+00
2.619695468750e+05 1.444839000702e+00
2.619697968750e+05 1.448662877083e+00
2.619700312500e+05 1.449182748795e+00
2.619702812500e+05 1.446671128273e+00
2.619705156250e+05 1.446095466614e+00
2.619707656250e+05 1.447636246681e+00
2.619710156250e+05 1.451376557350e+00
2.619712500000e+05 1.455552935600e+00
2.619715000000e+05 1.455159068108e+00
2.619717500000e+05 1.449160337448e+00
2.619719843750e+05 1.442156553268e+00
2.619722343750e+05 1.442544817924e+00
2.619724687500e+05 1.447812914848e+00
2.619727187500e+05 1.448052287102e+00
2.619729687500e+05 1.451540708542e+00
2.619732031250e+05 1.452151775360e+00
2.619734531250e+05 1.449269056320e+00
2.619737031250e+05 1.444576740265e+00
2.619739375000e+05 1.441885232925e+00
2.619741875000e+05 1.441546201706e+00
2.619744218750e+05 1.438804745674e+00
2.619746718750e+05 1.441956520081e+00
2.619749218750e+05 1.441858768463e+00
2.619751562500e+05 1.437589764595e+00
2.619754062500e+05 1.437945961952e+00
2.619756562500e+05 1.441907286644e+00
2.619758906250e+05 1.441298723221e+00
2.619761406250e+05 1.441134929657e+00
2.619763750000e+05 1.447547554970e+00
2.619766250000e+05 1.453464865685e+00
2.619768750000e+05 1.453885316849e+00
2.619771093750e+05 1.452761292458e+00
2.619773593750e+05 1.451281070709e+00
2.619776093750e+05 1.448274016380e+00
2.619778437500e+05 1.448193192482e+00
2.619780937500e+05 1.447046041489e+00
2.619783281250e+05 1.444154977798e+00
2.619785781250e+05 1.444361329079e+00
2.619788281250e+05 1.444667458534e+00
2.619790625000e+05 1.441490411758e+00
2.619793125000e+05 1.440468549728e+00
2.619795625000e+05 1.443369388580e+00
2.619797968750e+05 1.445229530334e+00
2.619800468750e+05 1.444556474686e+00
2.619802812500e+05 1.444126963615e+00
2.619805312500e+05 1.443655133247e+00
2.619807812500e+05 1.441653847694e+00
2.619810156250e+05 1.440126657486e+00
2.619812656250e+05 1.437010884285e+00
2.619815156250e+05 1.434807777405e+00
2.619817500000e+05 1.440363883972e+00
2.619820000000e+05 1.448084592819e+00
2.619822343750e+05 1.446283459663e+00
2.619824843750e+05 1.441334247589e+00
2.619827343750e+05 1.441429495811e+00
2.619829687500e+05 1.445895433426e+00
2.619832187500e+05 1.443765401840e+00
2.619834687500e+05 1.437298059464e+00
2.619837031250e+05 1.434968590736e+00
2.619839531250e+05 1.439703583717e+00
2.619841875000e+05 1.443733334541e+00
2.619844375000e+05 1.446145296097e+00
2.619846875000e+05 1.446379899979e+00
2.619849218750e+05 1.446351051331e+00
2.619851718750e+05 1.443966150284e+00
2.619854218750e+05 1.442306160927e+00
2.619856562500e+05 1.444497585297e+00
2.619859062500e+05 1.440420985222e+00
2.619861406250e+05 1.434232234955e+00
2.619863906250e+05 1.439449310303e+00
2.619866406250e+05 1.449374318123e+00
2.619868750000e+05 1.452208638191e+00
2.619871250000e+05 1.451044440269e+00
2.619873750000e+05 1.451792478561e+00
2.619876093750e+05 1.451811313629e+00
2.619878593750e+05 1.452531814575e+00
2.619880937500e+05 1.453235030174e+00
2.619883437500e+05 1.453276515007e+00
2.619885937500e+05 1.453477025032e+00
2.619888281250e+05 1.453851580620e+00
2.619890781250e+05 1.450323104858e+00
2.619893125000e+05 1.444984316826e+00
2.619895625000e+05 1.442695140839e+00
2.619898125000e+05 1.443936944008e+00
2.619900468750e+05 1.448618888855e+00
2.619902968750e+05 1.450131654739e+00
2.619905468750e+05 1.450604677200e+00
2.619907812500e+05 1.450815200806e+00
2.619910312500e+05 1.450199007988e+00
2.619912656250e+05 1.450173735619e+00
2.619915156250e+05 1.449564933777e+00
2.619917656250e+05 1.449355959892e+00
2.619920000000e+05 1.449990034103e+00
2.619922500000e+05 1.449757575989e+00
2.619925000000e+05 1.449800252914e+00
2.619927343750e+05 1.449913144112e+00
2.619929843750e+05 1.450642228127e+00
2.619932187500e+05 1.452025294304e+00
2.619934687500e+05 1.453163623810e+00
2.619937187500e+05 1.455165743828e+00
2.619939531250e+05 1.453298211098e+00
2.619942031250e+05 1.447709441185e+00
2.619944531250e+05 1.442000746727e+00
2.619946875000e+05 1.441910862923e+00
2.619949375000e+05 1.446169018745e+00
2.619951718750e+05 1.451770901680e+00
2.619954218750e+05 1.455952882767e+00
2.619956718750e+05 1.452746987343e+00
2.619959062500e+05 1.449084281921e+00
2.619961562500e+05 1.449083924294e+00
2.619964062500e+05 1.449088335037e+00
2.619966406250e+05 1.450607061386e+00
2.619968906250e+05 1.452504158020e+00
2.619971250000e+05 1.449021577835e+00
2.619973750000e+05 1.446303009987e+00
2.619976250000e+05 1.445961713791e+00
2.619978593750e+05 1.447285294533e+00
2.619981093750e+05 1.445787310600e+00
2.619983593750e+05 1.445116400719e+00
2.619985937500e+05 1.444439172745e+00
2.619988437500e+05 1.440563917160e+00
2.619990781250e+05 1.441412925720e+00
2.619993281250e+05 1.446065068245e+00
2.619995781250e+05 1.445774078369e+00
2.619998125000e+05 1.443382859230e+00
2.620000625000e+05 1.442341566086e+00
2.620003125000e+05 1.443943142891e+00
2.620005468750e+05 1.447790026665e+00
2.620007968750e+05 1.449667692184e+00
2.620010312500e+05 1.448696017265e+00
2.620012812500e+05 1.446547031403e+00
2.620015312500e+05 1.444625735283e+00
2.620017656250e+05 1.442527532578e+00
2.620020156250e+05 1.442091345787e+00
2.620022656250e+05 1.445035099983e+00
2.620025000000e+05 1.447918176651e+00
2.620027500000e+05 1.446746826172e+00
2.620029843750e+05 1.438922643661e+00
2.620032343750e+05 1.437926173210e+00
2.620034843750e+05 1.447106838226e+00
2.620037187500e+05 1.452983021736e+00
2.620039687500e+05 1.454974055290e+00
2.620042187500e+05 1.458678126335e+00
2.620044531250e+05 1.459818005562e+00
2.620047031250e+05 1.452267527580e+00
2.620049375000e+05 1.444993615150e+00
2.620051875000e+05 1.445222735405e+00
2.620054375000e+05 1.444658517838e+00
2.620056718750e+05 1.443820118904e+00
2.620059218750e+05 1.443360209465e+00
2.620061718750e+05 1.441814780235e+00
2.620064062500e+05 1.442884445190e+00
2.620066562500e+05 1.445445299149e+00
2.620068906250e+05 1.448134064674e+00
2.620071406250e+05 1.446415424347e+00
2.620073906250e+05 1.445242643356e+00
2.620076250000e+05 1.447158098221e+00
2.620078750000e+05 1.444713354111e+00
2.620081250000e+05 1.445456743240e+00
2.620083593750e+05 1.449485659599e+00
2.620086093750e+05 1.450941085815e+00
2.620088437500e+05 1.448242902756e+00
2.620090937500e+05 1.447292208672e+00
2.620093437500e+05 1.448130488396e+00
2.620095781250e+05 1.446686983109e+00
2.620098281250e+05 1.448116064072e+00
2.620100625000e+05 1.449224233627e+00
2.620103125000e+05 1.450361251831e+00
2.620105625000e+05 1.453418374062e+00
2.620107968750e+05 1.450187206268e+00
2.620110468750e+05 1.446291327477e+00
2.620112968750e+05 1.449650406837e+00
2.620115312500e+05 1.453744649887e+00
2.620117812500e+05 1.452525496483e+00
2.620120156250e+05 1.452128052711e+00
2.620122656250e+05 1.453565835953e+00
2.620125156250e+05 1.452111840248e+00
2.620127500000e+05 1.451314449310e+00
2.620130000000e+05 1.451588392258e+00
2.620132500000e+05 1.451735377312e+00
2.620134843750e+05 1.454238772392e+00
2.620137343750e+05 1.457349658012e+00
2.620139687500e+05 1.451775431633e+00
2.620142187500e+05 1.445236325264e+00
2.620144687500e+05 1.444936752319e+00
2.620147031250e+05 1.444595575333e+00
2.620149531250e+05 1.442020535469e+00
2.620152031250e+05 1.446435928345e+00
2.620154375000e+05 1.452413082123e+00
2.620156875000e+05 1.454114913940e+00
2.620159218750e+05 1.450323343277e+00
2.620161718750e+05 1.449130296707e+00
2.620164218750e+05 1.448919892311e+00
2.620166562500e+05 1.447890281677e+00
2.620169062500e+05 1.446774959564e+00
2.620171562500e+05 1.444601058960e+00
2.620173906250e+05 1.441527247429e+00
2.620176406250e+05 1.439857006073e+00
2.620178750000e+05 1.439465761185e+00
2.620181250000e+05 1.439821243286e+00
2.620183750000e+05 1.442843198776e+00
2.620186093750e+05 1.445761799812e+00
2.620188593750e+05 1.449859738350e+00
2.620191093750e+05 1.450360298157e+00
2.620193437500e+05 1.443581700325e+00
2.620195937500e+05 1.439032316208e+00
2.620198281250e+05 1.440156936646e+00
2.620200781250e+05 1.440159797668e+00
2.620203281250e+05 1.440705180168e+00
2.620205625000e+05 1.441135764122e+00
2.620208125000e+05 1.439007639885e+00
2.620210625000e+05 1.438848257065e+00
2.620212968750e+05 1.442007541656e+00
2.620215468750e+05 1.444687128067e+00
2.620217812500e+05 1.443973898888e+00
2.620220312500e+05 1.438620448112e+00
2.620222812500e+05 1.437408924103e+00
2.620225156250e+05 1.442933797836e+00
2.620227656250e+05 1.448680758476e+00
2.620230156250e+05 1.453028321266e+00
2.620232500000e+05 1.449390769005e+00
2.620235000000e+05 1.437279701233e+00
2.620237343750e+05 1.433706641197e+00
2.620239843750e+05 1.439159870148e+00
2.620242343750e+05 1.447557568550e+00
2.620244687500e+05 1.453529238701e+00
2.620247187500e+05 1.452843785286e+00
2.620249687500e+05 1.447018980980e+00
2.620252031250e+05 1.440727114677e+00
2.620254531250e+05 1.442684292793e+00
2.620256875000e+05 1.446757316589e+00
2.620259375000e+05 1.443010449409e+00
2.620261875000e+05 1.441066503525e+00
2.620264218750e+05 1.444255590439e+00
2.620266718750e+05 1.448808789253e+00
2.620269218750e+05 1.453844070435e+00
2.620271562500e+05 1.449096202850e+00
2.620274062500e+05 1.441739201546e+00
2.620276406250e+05 1.441723942757e+00
2.620278906250e+05 1.441748142242e+00
2.620281406250e+05 1.441801786423e+00
2.620283750000e+05 1.445881366730e+00
2.620286250000e+05 1.449547886848e+00
2.620288750000e+05 1.448507905006e+00
2.620291093750e+05 1.447701573372e+00
2.620293593750e+05 1.449390172958e+00
2.620295937500e+05 1.452073931694e+00
2.620298437500e+05 1.451155543327e+00
2.620300937500e+05 1.447238206863e+00
2.620303281250e+05 1.444957017899e+00
2.620305781250e+05 1.444790482521e+00
2.620308125000e+05 1.452365756035e+00
2.620310625000e+05 1.460241436958e+00
2.620313125000e+05 1.457021474838e+00
2.620315468750e+05 1.453561186790e+00
2.620317968750e+05 1.453212380409e+00
2.620320468750e+05 1.449808359146e+00
2.620322812500e+05 1.446176290512e+00
2.620325312500e+05 1.443795919418e+00
2.620327656250e+05 1.440397977829e+00
2.620330156250e+05 1.434534788132e+00
2.620332656250e+05 1.438292026520e+00
2.620335000000e+05 1.438645005226e+00
2.620337500000e+05 1.436690211296e+00
2.620340000000e+05 1.439929246902e+00
2.620342343750e+05 1.447795152664e+00
2.620344843750e+05 1.453029036522e+00
2.620347187500e+05 1.450650572777e+00
2.620349687500e+05 1.447214365005e+00
2.620352187500e+05 1.443200230598e+00
2.620354531250e+05 1.440480232239e+00
2.620357031250e+05 1.439986824989e+00
2.620359531250e+05 1.440169930458e+00
2.620361875000e+05 1.439182996750e+00
2.620364375000e+05 1.437462687492e+00
2.620366718750e+05 1.438537955284e+00
2.620369218750e+05 1.442623376846e+00
2.620371718750e+05 1.447688102722e+00
2.620374062500e+05 1.450448393822e+00
2.620376562500e+05 1.450625658035e+00
2.620379062500e+05 1.454178214073e+00
2.620381406250e+05 1.460931181908e+00
2.620383906250e+05 1.461099982262e+00
2.620386250000e+05 1.453797698021e+00
2.620388750000e+05 1.446115732193e+00
2.620391250000e+05 1.444049715996e+00
2.620393593750e+05 1.444937586784e+00
2.620396093750e+05 1.444398760796e+00
2.620398593750e+05 1.447965621948e+00
2.620400937500e+05 1.453877091408e+00
2.620403437500e+05 1.455323815346e+00
2.620405781250e+05 1.453514575958e+00
2.620408281250e+05 1.449568271637e+00
2.620410781250e+05 1.447056293488e+00
2.620413125000e+05 1.443336248398e+00
2.620415625000e+05 1.440887689590e+00
2.620418125000e+05 1.444844841957e+00
2.620420468750e+05 1.454427599907e+00
2.620422968750e+05 1.456223130226e+00
2.620425312500e+05 1.452878475189e+00
2.620427812500e+05 1.454215645790e+00
2.620430312500e+05 1.454067707062e+00
2.620432656250e+05 1.453689694405e+00
2.620435156250e+05 1.455490946770e+00
2.620437656250e+05 1.451893210411e+00
2.620440000000e+05 1.446598172188e+00
2.620442500000e+05 1.449571967125e+00
2.620444843750e+05 1.455398321152e+00
2.620447343750e+05 1.459184288979e+00
2.620449843750e+05 1.456185936928e+00
2.620452187500e+05 1.451796889305e+00
2.620454687500e+05 1.449914574623e+00
2.620457187500e+05 1.446090698242e+00
2.620459531250e+05 1.443950891495e+00
2.620462031250e+05 1.448202252388e+00
2.620464375000e+05 1.450861334801e+00
2.620466875000e+05 1.446356415749e+00
2.620469375000e+05 1.440022826195e+00
2.620471718750e+05 1.441170930862e+00
2.620474218750e+05 1.449784278870e+00
2.620476718750e+05 1.457080125809e+00
2.620479062500e+05 1.454337596893e+00
2.620481562500e+05 1.448782444000e+00
2.620483906250e+05 1.448428392410e+00
2.620486406250e+05 1.449808239937e+00
2.620488906250e+05 1.448168754578e+00
2.620491250000e+05 1.445920944214e+00
2.620493750000e+05 1.446987509727e+00
2.620496250000e+05 1.448310375214e+00
2.620498593750e+05 1.447143316269e+00
2.620501093750e+05 1.445578813553e+00
2.620503437500e+05 1.449126720428e+00
2.620505937500e+05 1.451178193092e+00
2.620508437500e+05 1.447386145592e+00
2.620510781250e+05 1.442215204239e+00
2.620513281250e+05 1.437369585037e+00
2.620515625000e+05 1.438380360603e+00
2.620518125000e+05 1.445488929749e+00
2.620520625000e+05 1.452853560448e+00
2.620522968750e+05 1.455835103989e+00
2.620525468750e+05 1.452423095703e+00
2.620527968750e+05 1.447919130325e+00
2.620530312500e+05 1.449376344681e+00
2.620532812500e+05 1.452674031258e+00
2.620535156250e+05 1.454852819443e+00
2.620537656250e+05 1.451517462730e+00
2.620540156250e+05 1.442956924438e+00
2.620542500000e+05 1.441708445549e+00
2.620545000000e+05 1.442951679230e+00
2.620547500000e+05 1.441897034645e+00
2.620549843750e+05 1.443980097771e+00
2.620552343750e+05 1.447091221809e+00
2.620554687500e+05 1.451987147331e+00
2.620557187500e+05 1.454799175262e+00
2.620559687500e+05 1.453633069992e+00
2.620562031250e+05 1.451497077942e+00
2.620564531250e+05 1.449765682220e+00
2.620567031250e+05 1.448532104492e+00
2.620569375000e+05 1.448378086090e+00
2.620571875000e+05 1.448126912117e+00
2.620574218750e+05 1.449994087219e+00
2.620576718750e+05 1.452413082123e+00
2.620579218750e+05 1.452166199684e+00
2.620581562500e+05 1.449629664421e+00
2.620584062500e+05 1.445053696632e+00
2.620586562500e+05 1.444376587868e+00
2.620588906250e+05 1.444635748863e+00
2.620591406250e+05 1.444706439972e+00
2.620593750000e+05 1.449043512344e+00
2.620596250000e+05 1.453962445259e+00
2.620598750000e+05 1.458338737488e+00
2.620601093750e+05 1.460854053497e+00
2.620603593750e+05 1.455339074135e+00
2.620606093750e+05 1.448251605034e+00
2.620608437500e+05 1.442399501801e+00
2.620610937500e+05 1.443355083466e+00
2.620613281250e+05 1.450023174286e+00
2.620615781250e+05 1.450849771500e+00
2.620618281250e+05 1.449766397476e+00
2.620620625000e+05 1.450812697411e+00
2.620623125000e+05 1.447259783745e+00
2.620625625000e+05 1.443397879601e+00
2.620627968750e+05 1.443585872650e+00
2.620630468750e+05 1.446810364723e+00
2.620632812500e+05 1.447026014328e+00
2.620635312500e+05 1.443760156631e+00
2.620637812500e+05 1.442512989044e+00
2.620640156250e+05 1.444934010506e+00
2.620642656250e+05 1.452006340027e+00
2.620645156250e+05 1.461123943329e+00
2.620647500000e+05 1.462789535522e+00
2.620650000000e+05 1.456188559532e+00
2.620652343750e+05 1.450797915459e+00
2.620654843750e+05 1.449247121811e+00
2.620657343750e+05 1.451334714890e+00
2.620659687500e+05 1.453204751015e+00
2.620662187500e+05 1.452745318413e+00
2.620664687500e+05 1.450869679451e+00
2.620667031250e+05 1.448184847832e+00
2.620669531250e+05 1.449246048927e+00
2.620671875000e+05 1.448253870010e+00
2.620674375000e+05 1.441659092903e+00
2.620676875000e+05 1.439933657646e+00
2.620679218750e+05 1.444822549820e+00
2.620681718750e+05 1.447942495346e+00
2.620684218750e+05 1.446217060089e+00
2.620686562500e+05 1.447095751762e+00
2.620689062500e+05 1.450690746307e+00
2.620691406250e+05 1.447731971741e+00
2.620693906250e+05 1.439854741096e+00
2.620696406250e+05 1.439938783646e+00
2.620698750000e+05 1.446281790733e+00
2.620701250000e+05 1.447919726372e+00
2.620703750000e+05 1.448385477066e+00
2.620706093750e+05 1.451709389687e+00
2.620708593750e+05 1.449599862099e+00
2.620710937500e+05 1.442534089088e+00
2.620713437500e+05 1.439299941063e+00
2.620715937500e+05 1.442906618118e+00
2.620718281250e+05 1.448502540588e+00
2.620720781250e+05 1.447414875031e+00
2.620723125000e+05 1.443230152130e+00
2.620725625000e+05 1.445734620094e+00
2.620728125000e+05 1.449172735214e+00
2.620730468750e+05 1.447909474373e+00
2.620732968750e+05 1.445155620575e+00
2.620735468750e+05 1.442760467529e+00
2.620737812500e+05 1.441884756088e+00
2.620740312500e+05 1.448081254959e+00
2.620742656250e+05 1.452988505363e+00
2.620745156250e+05 1.451488494873e+00
2.620747656250e+05 1.452250361443e+00
2.620750000000e+05 1.454193234444e+00
2.620752500000e+05 1.451040506363e+00
2.620755000000e+05 1.447031736374e+00
2.620757343750e+05 1.445561051369e+00
2.620759843750e+05 1.445000052452e+00
2.620762187500e+05 1.446293950081e+00
2.620764687500e+05 1.449713468552e+00
2.620767187500e+05 1.453832864761e+00
2.620769531250e+05 1.454045534134e+00
2.620772031250e+05 1.451871514320e+00
2.620774531250e+05 1.448919773102e+00
2.620776875000e+05 1.444264888763e+00
2.620779375000e+05 1.441331028938e+00
2.620781718750e+05 1.441100239754e+00
2.620784218750e+05 1.440641283989e+00
2.620786718750e+05 1.442526698112e+00
2.620789062500e+05 1.442822694778e+00
2.620791562500e+05 1.447026014328e+00
2.620794062500e+05 1.456394195557e+00
2.620796406250e+05 1.460065960884e+00
2.620798906250e+05 1.452791213989e+00
2.620801250000e+05 1.449412226677e+00
2.620803750000e+05 1.450370669365e+00
2.620806250000e+05 1.444925665855e+00
2.620808593750e+05 1.438737154007e+00
2.620811093750e+05 1.439610362053e+00
2.620813593750e+05 1.443531036377e+00
2.620815937500e+05 1.443667173386e+00
2.620818437500e+05 1.444123029709e+00
2.620820781250e+05 1.449994206429e+00
2.620823281250e+05 1.454300403595e+00
2.620825781250e+05 1.451084017754e+00
2.620828125000e+05 1.450001120567e+00
2.620830625000e+05 1.454473018646e+00
2.620833125000e+05 1.456689357758e+00
2.620835468750e+05 1.455353975296e+00
2.620837968750e+05 1.454891085625e+00
2.620840312500e+05 1.454501271248e+00
2.620842812500e+05 1.449401140213e+00
2.620845312500e+05 1.444084048271e+00
2.620847656250e+05 1.444967985153e+00
2.620850156250e+05 1.448331832886e+00
2.620852656250e+05 1.452044487000e+00
2.620855000000e+05 1.450499296188e+00
2.620857500000e+05 1.444641470909e+00
2.620859843750e+05 1.442938804626e+00
2.620862343750e+05 1.443492174149e+00
2.620864843750e+05 1.444525718689e+00
2.620867187500e+05 1.449789285660e+00
2.620869687500e+05 1.450236439705e+00
2.620872187500e+05 1.445814251900e+00
2.620874531250e+05 1.444852828979e+00
2.620877031250e+05 1.447629928589e+00
2.620879375000e+05 1.451527833939e+00
2.620881875000e+05 1.452575445175e+00
2.620884375000e+05 1.452829837799e+00
2.620886718750e+05 1.454816460609e+00
2.620889218750e+05 1.454505085945e+00
2.620891718750e+05 1.455157637596e+00
2.620894062500e+05 1.460203051567e+00
2.620896562500e+05 1.457989811897e+00
2.620898906250e+05 1.453287720680e+00
2.620901406250e+05 1.454110503197e+00
2.620903906250e+05 1.456197500229e+00
2.620906250000e+05 1.454528570175e+00
2.620908750000e+05 1.450474858284e+00
2.620911250000e+05 1.450046300888e+00
2.620913593750e+05 1.451236844063e+00
2.620916093750e+05 1.449602127075e+00
2.620918437500e+05 1.452260375023e+00
2.620920937500e+05 1.450578093529e+00
2.620923437500e+05 1.449609875679e+00
2.620925781250e+05 1.451258778572e+00
2.620928281250e+05 1.452277064323e+00
2.620930625000e+05 1.453297376633e+00
2.620933125000e+05 1.454155206680e+00
2.620935625000e+05 1.453323364258e+00
2.620937968750e+05 1.451596379280e+00
2.620940468750e+05 1.451200246811e+00
2.620942968750e+05 1.456271409988e+00
2.620945312500e+05 1.460505604744e+00
2.620947812500e+05 1.457208871841e+00
2.620950156250e+05 1.451783299446e+00
2.620952656250e+05 1.448726177216e+00
2.620955156250e+05 1.449525117874e+00
2.620957500000e+05 1.452515244484e+00
2.620960000000e+05 1.451721549034e+00
2.620962500000e+05 1.454464197159e+00
2.620964843750e+05 1.460678935051e+00
2.620967343750e+05 1.460232973099e+00
2.620969687500e+05 1.454087376595e+00
2.620972187500e+05 1.450027585030e+00
2.620974687500e+05 1.449779987335e+00
2.620977031250e+05 1.444688439369e+00
2.620979531250e+05 1.437253832817e+00
2.620982031250e+05 1.438320398331e+00
2.620984375000e+05 1.445147395134e+00
2.620986875000e+05 1.446843385696e+00
2.620989218750e+05 1.442035794258e+00
2.620991718750e+05 1.437077641487e+00
2.620994218750e+05 1.436733007431e+00
2.620996562500e+05 1.437559843063e+00
2.620999062500e+05 1.439865112305e+00
2.621001562500e+05 1.444914698601e+00
2.621003906250e+05 1.448978543282e+00
2.621006406250e+05 1.451849341393e+00
2.621008750000e+05 1.453475713730e+00
2.621011250000e+05 1.451721668243e+00
2.621013750000e+05 1.448293685913e+00
2.621016093750e+05 1.448522329330e+00
2.621018593750e+05 1.449093937874e+00
2.621021093750e+05 1.449442028999e+00
2.621023437500e+05 1.448753118515e+00
2.621025937500e+05 1.444988369942e+00
2.621028281250e+05 1.437751412392e+00
2.621030781250e+05 1.433704972267e+00
2.621033281250e+05 1.438727974892e+00
2.621035625000e+05 1.447852134705e+00
2.621038125000e+05 1.450864553452e+00
2.621040625000e+05 1.446475148201e+00
2.621042968750e+05 1.443476200104e+00
2.621045468750e+05 1.439787149429e+00
2.621047812500e+05 1.433061718941e+00
2.621050312500e+05 1.436803460121e+00
2.621052812500e+05 1.447536230087e+00
2.621055156250e+05 1.450199842453e+00
2.621057656250e+05 1.450458288193e+00
2.621060156250e+05 1.452004313469e+00
2.621062500000e+05 1.452517151833e+00
2.621065000000e+05 1.451361060143e+00
2.621067343750e+05 1.445875883102e+00
2.621069843750e+05 1.446040749550e+00
2.621072343750e+05 1.452346563339e+00
2.621074687500e+05 1.450411081314e+00
2.621077187500e+05 1.442546248436e+00
2.621079687500e+05 1.440071582794e+00
2.621082031250e+05 1.443346381187e+00
2.621084531250e+05 1.449804067612e+00
2.621086875000e+05 1.451587915421e+00
2.621089375000e+05 1.448304057121e+00
2.621091875000e+05 1.446501970291e+00
2.621094218750e+05 1.445653080940e+00
2.621096718750e+05 1.448567628860e+00
2.621099218750e+05 1.455726504326e+00
2.621101562500e+05 1.455565929413e+00
2.621104062500e+05 1.451332211494e+00
2.621106406250e+05 1.448028802872e+00
2.621108906250e+05 1.449326276779e+00
2.621111406250e+05 1.452818751335e+00
2.621113750000e+05 1.453167080879e+00
2.621116250000e+05 1.451576590538e+00
2.621118750000e+05 1.446570396423e+00
2.621121093750e+05 1.443243145943e+00
2.621123593750e+05 1.446973323822e+00
2.621125937500e+05 1.450199484825e+00
2.621128437500e+05 1.450727105141e+00
2.621130937500e+05 1.450266361237e+00
2.621133281250e+05 1.444772005081e+00
2.621135781250e+05 1.439397811890e+00
2.621138125000e+05 1.440252065659e+00
2.621140625000e+05 1.441467285156e+00
2.621143125000e+05 1.439549088478e+00
2.621145468750e+05 1.438463568687e+00
2.621147968750e+05 1.442396283150e+00
2.621150468750e+05 1.447665810585e+00
2.621152812500e+05 1.447923421860e+00
2.621155312500e+05 1.442858695984e+00
2.621157656250e+05 1.440914988518e+00
2.621160156250e+05 1.442637801170e+00
2.621162656250e+05 1.447124004364e+00
2.621165000000e+05 1.453520178795e+00
2.621167500000e+05 1.455002784729e+00
2.621170000000e+05 1.449807167053e+00
2.621172343750e+05 1.448896884918e+00
2.621174843750e+05 1.454283595085e+00
2.621177187500e+05 1.455635666847e+00
2.621179687500e+05 1.451612830162e+00
2.621182187500e+05 1.449136376381e+00
2.621184531250e+05 1.450393795967e+00
2.621187031250e+05 1.451084733009e+00
2.621189531250e+05 1.449586629868e+00
2.621191875000e+05 1.449095726013e+00
2.621194375000e+05 1.450687289238e+00
2.621196718750e+05 1.455435037613e+00
2.621199218750e+05 1.460025191307e+00
2.621201718750e+05 1.456868886948e+00
2.621204062500e+05 1.453417539597e+00
2.621206562500e+05 1.451160788536e+00
2.621209062500e+05 1.447665572166e+00
2.621211406250e+05 1.444087505341e+00
2.621213906250e+05 1.443646311760e+00
2.621216250000e+05 1.446994304657e+00
2.621218750000e+05 1.449058771133e+00
2.621221250000e+05 1.447497844696e+00
2.621223593750e+05 1.450580358505e+00
2.621226093750e+05 1.453094005585e+00
2.621228593750e+05 1.449702501297e+00
2.621230937500e+05 1.444858193398e+00
2.621233437500e+05 1.443592905998e+00
2.621235781250e+05 1.442676544189e+00
2.621238281250e+05 1.439300417900e+00
2.621240781250e+05 1.439623475075e+00
2.621243125000e+05 1.446274399757e+00
2.621245625000e+05 1.452217936516e+00
2.621248125000e+05 1.453865408897e+00
2.621250468750e+05 1.454644560814e+00
2.621252968750e+05 1.454015135765e+00
2.621255312500e+05 1.451009273529e+00
2.621257812500e+05 1.451324939728e+00
2.621260312500e+05 1.454639792442e+00
2.621262656250e+05 1.454636335373e+00
2.621265156250e+05 1.452055931091e+00
2.621267656250e+05 1.451354861259e+00
2.621270000000e+05 1.455271482468e+00
2.621272500000e+05 1.455773711205e+00
2.621274843750e+05 1.450321555138e+00
2.621277343750e+05 1.448755621910e+00
2.621279843750e+05 1.448988199234e+00
2.621282187500e+05 1.448467612267e+00
2.621284687500e+05 1.449375867844e+00
2.621287187500e+05 1.452234268188e+00
2.621289531250e+05 1.452376246452e+00
2.621292031250e+05 1.451831221581e+00
2.621294375000e+05 1.451891183853e+00
2.621296875000e+05 1.452094316483e+00
2.621299375000e+05 1.449738502502e+00
2.621301718750e+05 1.449562191963e+00
2.621304218750e+05 1.451500296593e+00
2.621306718750e+05 1.450412511826e+00
2.621309062500e+05 1.446005702019e+00
2.621311562500e+05 1.443362355232e+00
2.621313906250e+05 1.445829510689e+00
2.621316406250e+05 1.448988676071e+00
2.621318906250e+05 1.451476693153e+00
2.621321250000e+05 1.448459982872e+00
2.621323750000e+05 1.446358084679e+00
2.621326250000e+05 1.445860028267e+00
2.621328593750e+05 1.444846153259e+00
2.621331093750e+05 1.446989893913e+00
2.621333437500e+05 1.451671123505e+00
2.621335937500e+05 1.456474065781e+00
2.621338437500e+05 1.454718947411e+00
2.621340781250e+05 1.449641346931e+00
2.621343281250e+05 1.450672626495e+00
2.621345625000e+05 1.452904224396e+00
2.621348125000e+05 1.451924085617e+00
2.621350625000e+05 1.449691653252e+00
2.621352968750e+05 1.452258825302e+00
2.621355468750e+05 1.455948829651e+00
2.621357968750e+05 1.454413294792e+00
2.621360312500e+05 1.451948285103e+00
2.621362812500e+05 1.451382875443e+00
2.621365156250e+05 1.451574802399e+00
2.621367656250e+05 1.450817823410e+00
2.621370156250e+05 1.447699546814e+00
2.621372500000e+05 1.445101976395e+00
2.621375000000e+05 1.442906260490e+00
2.621377500000e+05 1.440858483315e+00
2.621379843750e+05 1.444746851921e+00
2.621382343750e+05 1.452031493187e+00
2.621384687500e+05 1.451685190201e+00
2.621387187500e+05 1.445995807648e+00
2.621389687500e+05 1.444849371910e+00
2.621392031250e+05 1.446072816849e+00
2.621394531250e+05 1.446082949638e+00
2.621397031250e+05 1.450059413910e+00
2.621399375000e+05 1.452996015549e+00
2.621401875000e+05 1.451515316963e+00
2.621404218750e+05 1.452383995056e+00
2.621406718750e+05 1.454046010971e+00
2.621409218750e+05 1.449538350105e+00
2.621411562500e+05 1.446099996567e+00
2.621414062500e+05 1.445340514183e+00
2.621416562500e+05 1.449182629585e+00
2.621418906250e+05 1.451613783836e+00
2.621421406250e+05 1.449739336967e+00
2.621423750000e+05 1.450500249863e+00
2.621426250000e+05 1.451706409454e+00
2.621428750000e+05 1.447524309158e+00
2.621431093750e+05 1.447630643845e+00
2.621433593750e+05 1.454223871231e+00
2.621436093750e+05 1.459523677826e+00
2.621438437500e+05 1.457300066948e+00
2.621440937500e+05 1.452108860016e+00
2.621443437500e+05 1.448087930679e+00
2.621445937500e+05 1.446819782257e+00
2.621448125000e+05 1.448207974434e+00
2.621450625000e+05 1.448979616165e+00
2.621453125000e+05 1.444484472275e+00
2.621455625000e+05 1.443544507027e+00
2.621458125000e+05 1.447037100792e+00
2.621460312500e+05 1.448266506195e+00
2.621462812500e+05 1.452139496803e+00
2.621465312500e+05 1.453734993935e+00
2.621467812500e+05 1.450521111488e+00
2.621470312500e+05 1.449775934219e+00
2.621472500000e+05 1.451866388321e+00
2.621475000000e+05 1.457526564598e+00
2.621477500000e+05 1.460748672485e+00
2.621480000000e+05 1.459410071373e+00
2.621482500000e+05 1.457117676735e+00
2.621485000000e+05 1.456146478653e+00
2.621487187500e+05 1.455402374268e+00
2.621489687500e+05 1.453034520149e+00
2.621492187500e+05 1.452445387840e+00
2.621494687500e+05 1.451998949051e+00
2.621497187500e+05 1.452922224998e+00
2.621499375000e+05 1.452240586281e+00
2.621501875000e+05 1.449829816818e+00
2.621504375000e+05 1.450350642204e+00
2.621506875000e+05 1.446195721626e+00
2.621509375000e+05 1.442098736763e+00
2.621511562500e+05 1.442403793335e+00
2.621514062500e+05 1.440084695816e+00
2.621516562500e+05 1.440248012543e+00
2.621519062500e+05 1.446287155151e+00
2.621521562500e+05 1.448375582695e+00
2.621524062500e+05 1.444594740868e+00
2.621526250000e+05 1.442787766457e+00
2.621528750000e+05 1.442618966103e+00
2.621531250000e+05 1.442595481873e+00
2.621533750000e+05 1.447854518890e+00
2.621536250000e+05 1.452910542488e+00
2.621538437500e+05 1.454660058022e+00
2.621540937500e+05 1.456245303154e+00
2.621543437500e+05 1.453875541687e+00
2.621545937500e+05 1.447018265724e+00
2.621548437500e+05 1.444855570793e+00
2.621550625000e+05 1.452427268028e+00
2.621553125000e+05 1.460832357407e+00
2.621555625000e+05 1.457998633385e+00
2.621558125000e+05 1.450243711472e+00
2.621560625000e+05 1.445576786995e+00
2.621562812500e+05 1.446200728416e+00
2.621565312500e+05 1.452468991280e+00
2.621567812500e+05 1.457522273064e+00
2.621570312500e+05 1.455921292305e+00
2.621572812500e+05 1.452849626541e+00
2.621575312500e+05 1.451987981796e+00
2.621577500000e+05 1.448178768158e+00
2.621580000000e+05 1.444969415665e+00
2.621582500000e+05 1.446872591972e+00
2.621585000000e+05 1.448163986206e+00
2.621587500000e+05 1.449819564819e+00
2.621589687500e+05 1.448173999786e+00
2.621592187500e+05 1.442392468452e+00
2.621594687500e+05 1.442774176598e+00
2.621597187500e+05 1.447621822357e+00
2.621599687500e+05 1.453379869461e+00
2.621601875000e+05 1.455067873001e+00
2.621604375000e+05 1.452726364136e+00
2.621606875000e+05 1.451184391975e+00
2.621609375000e+05 1.450169086456e+00
2.621611875000e+05 1.450768709183e+00
2.621614375000e+05 1.449753165245e+00
2.621616562500e+05 1.448248982430e+00
2.621619062500e+05 1.446432590485e+00
2.621621562500e+05 1.440900921822e+00
2.621624062500e+05 1.438518404961e+00
2.621626562500e+05 1.443152308464e+00
2.621628750000e+05 1.448533058167e+00
2.621631250000e+05 1.448388695717e+00
2.621633750000e+05 1.445047736168e+00
2.621636250000e+05 1.449786067009e+00
2.621638750000e+05 1.453167796135e+00
2.621640937500e+05 1.449496865273e+00
2.621643437500e+05 1.447548151016e+00
2.621645937500e+05 1.448252558708e+00
2.621648437500e+05 1.444701790810e+00
2.621650937500e+05 1.439848303795e+00
2.621653437500e+05 1.440604925156e+00
2.621655625000e+05 1.442113518715e+00
2.621658125000e+05 1.442974209785e+00
2.621660625000e+05 1.446645975113e+00
2.621663125000e+05 1.448175907135e+00
2.621665625000e+05 1.446346521378e+00
2.621667812500e+05 1.444038748741e+00
2.621670312500e+05 1.444961786270e+00
2.621672812500e+05 1.446343421936e+00
2.621675312500e+05 1.442141890526e+00
2.621677812500e+05 1.437255501747e+00
2.621680000000e+05 1.440423369408e+00
2.621682500000e+05 1.450053334236e+00
2.621685000000e+05 1.453220844269e+00
2.621687500000e+05 1.447954058647e+00
2.621690000000e+05 1.445331573486e+00
2.621692500000e+05 1.449209690094e+00
2.621694687500e+05 1.453141331673e+00
2.621697187500e+05 1.454903125763e+00
2.621699687500e+05 1.454996347427e+00
2.621702187500e+05 1.451526999474e+00
2.621704687500e+05 1.449081540108e+00
2.621706875000e+05 1.451897263527e+00
2.621709375000e+05 1.456597328186e+00
2.621711875000e+05 1.457027792931e+00
2.621714375000e+05 1.453417181969e+00
2.621716875000e+05 1.448493361473e+00
2.621719062500e+05 1.444670677185e+00
2.621721562500e+05 1.440556049347e+00
2.621724062500e+05 1.440024137497e+00
2.621726562500e+05 1.446611166000e+00
2.621729062500e+05 1.449953079224e+00
2.621731562500e+05 1.443435788155e+00
2.621733750000e+05 1.443284273148e+00
2.621736250000e+05 1.451857566833e+00
2.621738750000e+05 1.455248355865e+00
2.621741250000e+05 1.455201864243e+00
2.621743750000e+05 1.454054951668e+00
2.621745937500e+05 1.454807996750e+00
2.621748437500e+05 1.456261277199e+00
2.621750937500e+05 1.452744007111e+00
2.621753437500e+05 1.450914502144e+00
2.621755937500e+05 1.453369498253e+00
2.621758125000e+05 1.452440381050e+00
2.621760625000e+05 1.445909500122e+00
2.621763125000e+05 1.443503618240e+00
2.621765625000e+05 1.445889234543e+00
2.621768125000e+05 1.448111772537e+00
2.621770312500e+05 1.448400855064e+00
2.621772812500e+05 1.445131897926e+00
2.621775312500e+05 1.444857239723e+00
2.621777812500e+05 1.449628591537e+00
2.621780312500e+05 1.452082633972e+00
2.621782812500e+05 1.454277992249e+00
2.621785000000e+05 1.452135920525e+00
2.621787500000e+05 1.447398543358e+00
2.621790000000e+05 1.447493076324e+00
2.621792500000e+05 1.447434186935e+00
2.621795000000e+05 1.448242187500e+00
2.621797187500e+05 1.451417922974e+00
2.621799687500e+05 1.451020717621e+00
2.621802187500e+05 1.448217153549e+00
2.621804687500e+05 1.445805788040e+00
2.621807187500e+05 1.447254538536e+00
2.621809375000e+05 1.448472738266e+00
2.621811875000e+05 1.445083737373e+00
2.621814375000e+05 1.443623900414e+00
2.621816875000e+05 1.445894002914e+00
2.621819375000e+05 1.449472784996e+00
2.621821875000e+05 1.448469281197e+00
2.621824062500e+05 1.448833465576e+00
2.621826562500e+05 1.456408500671e+00
2.621829062500e+05 1.457648634911e+00
2.621831562500e+05 1.461078047752e+00
2.621834062500e+05 1.476664066315e+00
2.621836250000e+05 1.497352242470e+00
2.621838750000e+05 1.501630902290e+00
2.621841250000e+05 1.487465143204e+00
2.621843750000e+05 1.473341345787e+00
2.621846250000e+05 1.465239286423e+00
2.621848437500e+05 1.459853529930e+00
2.621850937500e+05 1.458364009857e+00
2.621853437500e+05 1.457574963570e+00
2.621855937500e+05 1.459897637367e+00
2.621858437500e+05 1.461247920990e+00
2.621860937500e+05 1.455495476723e+00
2.621863125000e+05 1.452627658844e+00
2.621865625000e+05 1.456207275391e+00
2.621868125000e+05 1.454269647598e+00
2.621870625000e+05 1.450530171394e+00
2.621873125000e+05 1.449413299561e+00
2.621875312500e+05 1.446448922157e+00
2.621877812500e+05 1.446686029434e+00
2.621880312500e+05 1.450277209282e+00
2.621882812500e+05 1.453069925308e+00
2.621885312500e+05 1.451794385910e+00
2.621887500000e+05 1.451863646507e+00
2.621890000000e+05 1.452928543091e+00
2.621892500000e+05 1.451710462570e+00
2.621895000000e+05 1.450938582420e+00
2.621897500000e+05 1.450835585594e+00
2.621900000000e+05 1.453239560127e+00
2.621902187500e+05 1.456211328506e+00
2.621904687500e+05 1.451889038086e+00
2.621907187500e+05 1.447569251060e+00
2.621909687500e+05 1.450498104095e+00
2.621912187500e+05 1.453358530998e+00
2.621914375000e+05 1.452716112137e+00
2.621916875000e+05 1.455174446106e+00
2.621919375000e+05 1.460735321045e+00
2.621921875000e+05 1.458005785942e+00
2.621924375000e+05 1.449292898178e+00
2.621926562500e+05 1.447310209274e+00
2.621929062500e+05 1.449877142906e+00
2.621931562500e+05 1.452750802040e+00
2.621934062500e+05 1.456899762154e+00
2.621936562500e+05 1.459272623062e+00
2.621939062500e+05 1.459480524063e+00
2.621941250000e+05 1.457208871841e+00
2.621943750000e+05 1.453896880150e+00
2.621946250000e+05 1.452515602112e+00
2.621948750000e+05 1.450761437416e+00
2.621951250000e+05 1.448920845985e+00
2.621953437500e+05 1.448821067810e+00
2.621955937500e+05 1.449883699417e+00
2.621958437500e+05 1.453571319580e+00
2.621960937500e+05 1.453165650368e+00
2.621963437500e+05 1.447829604149e+00
2.621965625000e+05 1.446091771126e+00
2.621968125000e+05 1.445552468300e+00
2.621970625000e+05 1.444745779037e+00
2.621973125000e+05 1.446960687637e+00
2.621975625000e+05 1.446086764336e+00
2.621977812500e+05 1.442924141884e+00
2.621980312500e+05 1.446445226669e+00
2.621982812500e+05 1.448294162750e+00
2.621985312500e+05 1.446168065071e+00
2.621987812500e+05 1.447225689888e+00
2.621990312500e+05 1.455780744553e+00
2.621992500000e+05 1.462715864182e+00
2.621995000000e+05 1.457508563995e+00
2.621997500000e+05 1.452911019325e+00
2.622000000000e+05 1.459124326706e+00
2.622002500000e+05 1.460610866547e+00
2.622004687500e+05 1.452037572861e+00
2.622007187500e+05 1.448041558266e+00
2.622009687500e+05 1.445705175400e+00
2.622012187500e+05 1.443870425224e+00
2.622014687500e+05 1.450126290321e+00
2.622016875000e+05 1.455261230469e+00
2.622019375000e+05 1.452291011810e+00
2.622021875000e+05 1.448683500290e+00
2.622024375000e+05 1.447959542274e+00
2.622026875000e+05 1.448432564735e+00
2.622029375000e+05 1.447906851768e+00
2.622031562500e+05 1.448787927628e+00
2.622034062500e+05 1.450241208076e+00
2.622036562500e+05 1.450562953949e+00
2.622039062500e+05 1.452119231224e+00
2.622041562500e+05 1.453988313675e+00
2.622043750000e+05 1.454865694046e+00
2.622046250000e+05 1.455025196075e+00
2.622048750000e+05 1.450392723083e+00
2.622051250000e+05 1.447435617447e+00
2.622053750000e+05 1.447091460228e+00
2.622055937500e+05 1.444495439529e+00
2.622058437500e+05 1.442950129509e+00
2.622060937500e+05 1.447120070457e+00
2.622063437500e+05 1.452883601189e+00
2.622065937500e+05 1.454018235207e+00
2.622068437500e+05 1.453283786774e+00
2.622070625000e+05 1.457261681557e+00
2.622073125000e+05 1.459025025368e+00
2.622075625000e+05 1.452569961548e+00
2.622078125000e+05 1.445644736290e+00
2.622080625000e+05 1.445479631424e+00
2.622082812500e+05 1.448388576508e+00
2.622085312500e+05 1.450688242912e+00
2.622087812500e+05 1.452306747437e+00
2.622090312500e+05 1.450634717941e+00
2.622092812500e+05 1.449106454849e+00
2.622095000000e+05 1.447542548180e+00
2.622097500000e+05 1.447028040886e+00
2.622100000000e+05 1.450719952583e+00
2.622102500000e+05 1.448842644691e+00
2.622105000000e+05 1.443827509880e+00
2.622107500000e+05 1.445093631744e+00
2.622109687500e+05 1.448860287666e+00
2.622112187500e+05 1.452338695526e+00
2.622114687500e+05 1.454247593880e+00
2.622117187500e+05 1.451956152916e+00
2.622119687500e+05 1.449629664421e+00
2.622121875000e+05 1.453079104424e+00
2.622124375000e+05 1.453181743622e+00
2.622126875000e+05 1.450325846672e+00
2.622129375000e+05 1.449918270111e+00
2.622131875000e+05 1.448705196381e+00
2.622134062500e+05 1.447509646416e+00
2.622136562500e+05 1.448875308037e+00
2.622139062500e+05 1.449265837669e+00
2.622141562500e+05 1.445504784584e+00
2.622144062500e+05 1.445953845978e+00
2.622146562500e+05 1.451619148254e+00
2.622148750000e+05 1.452831506729e+00
2.622151250000e+05 1.452084422112e+00
2.622153750000e+05 1.455710053444e+00
2.622156250000e+05 1.452619671822e+00
2.622158750000e+05 1.442669749260e+00
2.622160937500e+05 1.442877531052e+00
2.622163437500e+05 1.448545217514e+00
2.622165937500e+05 1.450455307961e+00
2.622168437500e+05 1.448562622070e+00
2.622170937500e+05 1.444903612137e+00
2.622173125000e+05 1.444768190384e+00
2.622175625000e+05 1.449371218681e+00
2.622178125000e+05 1.451038241386e+00
2.622180625000e+05 1.446911334991e+00
2.622183125000e+05 1.446461200714e+00
2.622185312500e+05 1.451226592064e+00
2.622187812500e+05 1.448446273804e+00
2.622190312500e+05 1.445804476738e+00
2.622192812500e+05 1.450649976730e+00
2.622195312500e+05 1.454874157906e+00
2.622197812500e+05 1.453046441078e+00
2.622200000000e+05 1.455171465874e+00
2.622202500000e+05 1.461135625839e+00
2.622205000000e+05 1.461195945740e+00
2.622207500000e+05 1.458592414856e+00
2.622210000000e+05 1.454648137093e+00
2.622212187500e+05 1.452381253242e+00
2.622214687500e+05 1.455788135529e+00
2.622217187500e+05 1.462844967842e+00
2.622219687500e+05 1.462407231331e+00
2.622222187500e+05 1.456243753433e+00
2.622224375000e+05 1.452812433243e+00
2.622226875000e+05 1.456635594368e+00
2.622229375000e+05 1.468320012093e+00
2.622231875000e+05 1.467640280724e+00
2.622234375000e+05 1.453580617905e+00
2.622236875000e+05 1.447862267494e+00
2.622239062500e+05 1.451385617256e+00
2.622241562500e+05 1.450972199440e+00
2.622244062500e+05 1.446606397629e+00
2.622246562500e+05 1.447748899460e+00
2.622249062500e+05 1.450029730797e+00
2.622251250000e+05 1.448112368584e+00
2.622253750000e+05 1.446571111679e+00
2.622256250000e+05 1.445595860481e+00
2.622258750000e+05 1.446708917618e+00
2.622261250000e+05 1.451289653778e+00
2.622263437500e+05 1.454942703247e+00
2.622265937500e+05 1.456150293350e+00
2.622268437500e+05 1.452370762825e+00
2.622270937500e+05 1.447085380554e+00
2.622273437500e+05 1.446345806122e+00
2.622275937500e+05 1.449207067490e+00
2.622278125000e+05 1.453122973442e+00
2.622280625000e+05 1.451892375946e+00
2.622283125000e+05 1.452248334885e+00
2.622285625000e+05 1.456887960434e+00
2.622288125000e+05 1.458280682564e+00
2.622290312500e+05 1.454363822937e+00
2.622292812500e+05 1.449553370476e+00
2.622295312500e+05 1.451817631721e+00
2.622297812500e+05 1.457066655159e+00
2.622300312500e+05 1.457132220268e+00
2.622302500000e+05 1.455205321312e+00
2.622305000000e+05 1.451996326447e+00
2.622307500000e+05 1.450468540192e+00
2.622310000000e+05 1.454456567764e+00
2.622312500000e+05 1.458481788635e+00
2.622315000000e+05 1.457416534424e+00
2.622317187500e+05 1.453271985054e+00
2.622319687500e+05 1.450047373772e+00
2.622322187500e+05 1.451876401901e+00
2.622324687500e+05 1.453022599220e+00
2.622327187500e+05 1.451011657715e+00
2.622329375000e+05 1.450490593910e+00
2.622331875000e+05 1.449475526810e+00
2.622334375000e+05 1.447506785393e+00
2.622336875000e+05 1.447338223457e+00
2.622339375000e+05 1.447908759117e+00
2.622341562500e+05 1.451557636261e+00
2.622344062500e+05 1.452916622162e+00
2.622346562500e+05 1.447668433189e+00
2.622349062500e+05 1.447516083717e+00
2.622351562500e+05 1.452237129211e+00
2.622354062500e+05 1.456614375114e+00
2.622356250000e+05 1.457129836082e+00
2.622358750000e+05 1.454822778702e+00
2.622361250000e+05 1.454532265663e+00
2.622363750000e+05 1.451343894005e+00
2.622366250000e+05 1.448853254318e+00
2.622368437500e+05 1.451166629791e+00
2.622370937500e+05 1.453195691109e+00
2.622373437500e+05 1.455204963684e+00
2.622375937500e+05 1.455810189247e+00
2.622378437500e+05 1.453245401382e+00
2.622380625000e+05 1.451398253441e+00
2.622383125000e+05 1.453258037567e+00
2.622385625000e+05 1.455256342888e+00
2.622388125000e+05 1.452892661095e+00
2.622390625000e+05 1.450201153755e+00
2.622392812500e+05 1.448551058769e+00
2.622395312500e+05 1.447870850563e+00
2.622397812500e+05 1.451322436333e+00
2.622400312500e+05 1.457071900368e+00
2.622402812500e+05 1.459256291389e+00
2.622405312500e+05 1.452143907547e+00
2.622407500000e+05 1.448433041573e+00
2.622410000000e+05 1.455042958260e+00
2.622412500000e+05 1.456213593483e+00
2.622415000000e+05 1.450333118439e+00
2.622417500000e+05 1.446599602699e+00
2.622419687500e+05 1.449068665504e+00
2.622422187500e+05 1.449159979820e+00
2.622424687500e+05 1.446257710457e+00
2.622427187500e+05 1.446956276894e+00
2.622429687500e+05 1.449762344360e+00
2.622431875000e+05 1.452814459801e+00
2.622434375000e+05 1.455786228180e+00
2.622436875000e+05 1.456222891808e+00
2.622439375000e+05 1.451876997948e+00
2.622441875000e+05 1.448755860329e+00
2.622444375000e+05 1.450095534325e+00
2.622446562500e+05 1.448997735977e+00
2.622449062500e+05 1.449520945549e+00
2.622451562500e+05 1.453440666199e+00
2.622454062500e+05 1.455524921417e+00
2.622456562500e+05 1.454942941666e+00
2.622458750000e+05 1.450495123863e+00
2.622461250000e+05 1.445714116096e+00
2.622463750000e+05 1.444464206696e+00
2.622466250000e+05 1.447647094727e+00
2.622468750000e+05 1.450250029564e+00
2.622470937500e+05 1.453410863876e+00
2.622473437500e+05 1.460968971252e+00
2.622475937500e+05 1.460845589638e+00
2.622478437500e+05 1.450185656548e+00
2.622480937500e+05 1.449073910713e+00
2.622483437500e+05 1.450503945351e+00
2.622485625000e+05 1.449777007103e+00
2.622488125000e+05 1.451812028885e+00
2.622490625000e+05 1.451507687569e+00
2.622493125000e+05 1.449906110764e+00
2.622495625000e+05 1.450845003128e+00
2.622497812500e+05 1.452683329582e+00
2.622500312500e+05 1.456000804901e+00
2.622502812500e+05 1.456859350204e+00
2.622505312500e+05 1.457194447517e+00
2.622507812500e+05 1.455568194389e+00
2.622510000000e+05 1.450357317924e+00
2.622512500000e+05 1.444549679756e+00
2.622515000000e+05 1.440115213394e+00
2.622517500000e+05 1.441353201866e+00
2.622520000000e+05 1.443481564522e+00
2.622522500000e+05 1.446615934372e+00
2.622524687500e+05 1.453587770462e+00
2.622527187500e+05 1.458135485649e+00
2.622529687500e+05 1.456536889076e+00
2.622532187500e+05 1.449194073677e+00
2.622534687500e+05 1.442864537239e+00
2.622536875000e+05 1.443525552750e+00
2.622539375000e+05 1.445562124252e+00
2.622541875000e+05 1.442735552788e+00
2.622544375000e+05 1.444702506065e+00
2.622546875000e+05 1.450504899025e+00
2.622549062500e+05 1.451709985733e+00
2.622551562500e+05 1.452408075333e+00
2.622554062500e+05 1.452896833420e+00
2.622556562500e+05 1.450058698654e+00
2.622559062500e+05 1.447807550430e+00
2.622561562500e+05 1.451004981995e+00
2.622563750000e+05 1.455096483231e+00
2.622566250000e+05 1.455634355545e+00
2.622568750000e+05 1.453233838081e+00
2.622571250000e+05 1.451657414436e+00
2.622573750000e+05 1.451650261879e+00
2.622575937500e+05 1.449571490288e+00
2.622578437500e+05 1.447560787201e+00
2.622580937500e+05 1.449819803238e+00
2.622583437500e+05 1.453903079033e+00
2.622585937500e+05 1.456695914268e+00
2.622588125000e+05 1.455814242363e+00
2.622590625000e+05 1.455118060112e+00
2.622593125000e+05 1.459550499916e+00
2.622595625000e+05 1.456630110741e+00
2.622598125000e+05 1.451249122620e+00
2.622600312500e+05 1.451222181320e+00
2.622602812500e+05 1.448200345039e+00
2.622605312500e+05 1.444260954857e+00
2.622607812500e+05 1.444070458412e+00
2.622610312500e+05 1.446971893311e+00
2.622612812500e+05 1.450568318367e+00
2.622615000000e+05 1.453729271889e+00
2.622617500000e+05 1.451321721077e+00
2.622620000000e+05 1.446352124214e+00
2.622622500000e+05 1.445011615753e+00
2.622625000000e+05 1.445199847221e+00
2.622627187500e+05 1.447092294693e+00
2.622629687500e+05 1.450419664383e+00
2.622632187500e+05 1.451174616814e+00
2.622634687500e+05 1.449044585228e+00
2.622637187500e+05 1.449994087219e+00
2.622639375000e+05 1.451296091080e+00
2.622641875000e+05 1.451151847839e+00
2.622644375000e+05 1.455868959427e+00
2.622646875000e+05 1.460339784622e+00
2.622649375000e+05 1.457517027855e+00
2.622651875000e+05 1.452181935310e+00
2.622654062500e+05 1.449540853500e+00
2.622656562500e+05 1.450728416443e+00
2.622659062500e+05 1.452662944794e+00
2.622661562500e+05 1.451849460602e+00
2.622664062500e+05 1.449987888336e+00
2.622666250000e+05 1.450374245644e+00
2.622668750000e+05 1.452372908592e+00
2.622671250000e+05 1.454164028168e+00
2.622673750000e+05 1.456006526947e+00
2.622676250000e+05 1.453762054443e+00
2.622678437500e+05 1.452641129494e+00
2.622680937500e+05 1.453467369080e+00
2.622683437500e+05 1.450096726418e+00
2.622685937500e+05 1.448946475983e+00
2.622688437500e+05 1.458115220070e+00
2.622690937500e+05 1.464781045914e+00
2.622693125000e+05 1.456286191940e+00
2.622695625000e+05 1.443314552307e+00
2.622698125000e+05 1.445455431938e+00
2.622700625000e+05 1.453669786453e+00
2.622703125000e+05 1.453366041183e+00
2.622705312500e+05 1.449730873108e+00
2.622707812500e+05 1.444112777710e+00
2.622710312500e+05 1.440220236778e+00
2.622712812500e+05 1.443967223167e+00
2.622715312500e+05 1.445947766304e+00
2.622717500000e+05 1.447222113609e+00
2.622720000000e+05 1.450695395470e+00
2.622722500000e+05 1.455509662628e+00
2.622725000000e+05 1.458829879761e+00
2.622727500000e+05 1.457189559937e+00
2.622730000000e+05 1.453637957573e+00
2.622732187500e+05 1.449943184853e+00
2.622734687500e+05 1.446264266968e+00
2.622737187500e+05 1.445917248726e+00
2.622739687500e+05 1.444985270500e+00
2.622742187500e+05 1.443284273148e+00
2.622744375000e+05 1.447147965431e+00
2.622746875000e+05 1.450920104980e+00
2.622749375000e+05 1.449356317520e+00
2.622751875000e+05 1.448281288147e+00
2.622754375000e+05 1.448968768120e+00
2.622756562500e+05 1.450070858002e+00
2.622759062500e+05 1.453705310822e+00
2.622761562500e+05 1.455533623695e+00
2.622764062500e+05 1.451177000999e+00
2.622766562500e+05 1.447785377502e+00
2.622769062500e+05 1.447293162346e+00
2.622771250000e+05 1.450020670891e+00
2.622773750000e+05 1.451393246651e+00
2.622776250000e+05 1.448572754860e+00
2.622778750000e+05 1.447598576546e+00
2.622781250000e+05 1.448171019554e+00
2.622783437500e+05 1.450382947922e+00
2.622785937500e+05 1.455842614174e+00
2.622788437500e+05 1.457623481750e+00
2.622790937500e+05 1.455324530602e+00
2.622793437500e+05 1.455851793289e+00
2.622795625000e+05 1.451923966408e+00
2.622798125000e+05 1.445050477982e+00
2.622800625000e+05 1.442864656448e+00
2.622803125000e+05 1.445632457733e+00
2.622805625000e+05 1.449396967888e+00
2.622807812500e+05 1.454022407532e+00
2.622810312500e+05 1.456336617470e+00
2.622812812500e+05 1.455158591270e+00
2.622815312500e+05 1.454517483711e+00
2.622817812500e+05 1.450476884842e+00
2.622820312500e+05 1.445548176765e+00
2.622822500000e+05 1.444149732590e+00
2.622825000000e+05 1.442656040192e+00
2.622827500000e+05 1.442351341248e+00
2.622830000000e+05 1.447284698486e+00
2.622832500000e+05 1.444879770279e+00
2.622834687500e+05 1.438920140266e+00
2.622837187500e+05 1.446530103683e+00
2.622839687500e+05 1.456292271614e+00
2.622842187500e+05 1.455922126770e+00
2.622844687500e+05 1.454381108284e+00
2.622846875000e+05 1.455695033073e+00
2.622849375000e+05 1.455175995827e+00
2.622851875000e+05 1.452030897141e+00
2.622854375000e+05 1.449905633926e+00
2.622856875000e+05 1.452072143555e+00
2.622859375000e+05 1.453741908073e+00
2.622861562500e+05 1.451823711395e+00
2.622864062500e+05 1.450016736984e+00
2.622866562500e+05 1.450073361397e+00
2.622869062500e+05 1.450875997543e+00
2.622871562500e+05 1.451274156570e+00
2.622873750000e+05 1.451426029205e+00
2.622876250000e+05 1.451457262039e+00
2.622878750000e+05 1.449836134911e+00
2.622881250000e+05 1.449007391930e+00
2.622883750000e+05 1.449268102646e+00
2.622885937500e+05 1.450685739517e+00
2.622888437500e+05 1.452471256256e+00
2.622890937500e+05 1.452523469925e+00
2.622893437500e+05 1.451400756836e+00
2.622895937500e+05 1.450459837914e+00
2.622898437500e+05 1.448945403099e+00
2.622900625000e+05 1.444212675095e+00
2.622903125000e+05 1.443583011627e+00
2.622905625000e+05 1.450140595436e+00
2.622908125000e+05 1.456955432892e+00
2.622910625000e+05 1.458078026772e+00
2.622912812500e+05 1.453343868256e+00
2.622915312500e+05 1.450591683388e+00
2.622917812500e+05 1.451593279839e+00
2.622920312500e+05 1.451830148697e+00
2.622922812500e+05 1.450796365738e+00
2.622925000000e+05 1.452210068703e+00
2.622927500000e+05 1.454906225204e+00
2.622930000000e+05 1.454537272453e+00
2.622932500000e+05 1.454996228218e+00
2.622935000000e+05 1.454362392426e+00
2.622937500000e+05 1.454662322998e+00
2.622939687500e+05 1.454002737999e+00
2.622942187500e+05 1.448718070984e+00
2.622944687500e+05 1.448720812798e+00
2.622947187500e+05 1.451769709587e+00
2.622949687500e+05 1.454394817352e+00
2.622951875000e+05 1.453546881676e+00
2.622954375000e+05 1.456834077835e+00
2.622956875000e+05 1.462475299835e+00
2.622959375000e+05 1.459263682365e+00
2.622961875000e+05 1.453572511673e+00
2.622964062500e+05 1.453937649727e+00
2.622966562500e+05 1.455672860146e+00
2.622969062500e+05 1.452839732170e+00
2.622971562500e+05 1.448337793350e+00
2.622974062500e+05 1.450080871582e+00
2.622976562500e+05 1.452110886574e+00
2.622978750000e+05 1.450956344604e+00
2.622981250000e+05 1.452736258507e+00
2.622983750000e+05 1.454311847687e+00
2.622986250000e+05 1.453581452370e+00
2.622988750000e+05 1.450630307198e+00
2.622990937500e+05 1.447170972824e+00
2.622993437500e+05 1.448192358017e+00
2.622995937500e+05 1.454220414162e+00
2.622998437500e+05 1.458351254463e+00
2.623000937500e+05 1.456774592400e+00
2.623003125000e+05 1.451032161713e+00
2.623005625000e+05 1.446020603180e+00
2.623008125000e+05 1.443568229675e+00
2.623010625000e+05 1.446076989174e+00
2.623013125000e+05 1.452979922295e+00
2.623015312500e+05 1.453734040260e+00
2.623017812500e+05 1.448944449425e+00
2.623020312500e+05 1.449298620224e+00
2.623022812500e+05 1.455707788467e+00
2.623025312500e+05 1.451724410057e+00
2.623027812500e+05 1.442108869553e+00
2.623030000000e+05 1.440019965172e+00
2.623032500000e+05 1.440710425377e+00
2.623035000000e+05 1.440938234329e+00
2.623037500000e+05 1.443511009216e+00
2.623040000000e+05 1.446934580803e+00
2.623042187500e+05 1.446275115013e+00
2.623044687500e+05 1.445472717285e+00
2.623047187500e+05 1.447973966599e+00
2.623049687500e+05 1.449319720268e+00
2.623052187500e+05 1.448718070984e+00
2.623054375000e+05 1.448942542076e+00
2.623056875000e+05 1.449452280998e+00
2.623059375000e+05 1.450524806976e+00
2.623061875000e+05 1.452930569649e+00
2.623064375000e+05 1.453401923180e+00
2.623066875000e+05 1.452792406082e+00
2.623069062500e+05 1.452859759331e+00
2.623071562500e+05 1.450854301453e+00
2.623074062500e+05 1.448816061020e+00
2.623076562500e+05 1.449574232101e+00
2.623079062500e+05 1.450329065323e+00
2.623081250000e+05 1.451685905457e+00
2.623083750000e+05 1.455578088760e+00
2.623086250000e+05 1.458607077599e+00
2.623088750000e+05 1.458786129951e+00
2.623091250000e+05 1.458255052567e+00
2.623093437500e+05 1.456821799278e+00
2.623095937500e+05 1.457798361778e+00
2.623098437500e+05 1.458284378052e+00
2.623100937500e+05 1.456425189972e+00
2.623103437500e+05 1.455860733986e+00
2.623105937500e+05 1.460113167763e+00
2.623108125000e+05 1.464341521263e+00
2.623110625000e+05 1.467073082924e+00
2.623113125000e+05 1.464905142784e+00
2.623115625000e+05 1.459974408150e+00
2.623118125000e+05 1.457250714302e+00
2.623120312500e+05 1.452970862389e+00
2.623122812500e+05 1.446030616760e+00
2.623125312500e+05 1.447462677956e+00
2.623127812500e+05 1.452392339706e+00
2.623130312500e+05 1.451924681664e+00
2.623132500000e+05 1.448509216309e+00
2.623135000000e+05 1.450959324837e+00
2.623137500000e+05 1.456341505051e+00
2.623140000000e+05 1.458471775055e+00
2.623142500000e+05 1.457732200623e+00
2.623145000000e+05 1.453540444374e+00
2.623147187500e+05 1.447866797447e+00
2.623149687500e+05 1.452037453651e+00
2.623152187500e+05 1.458881735802e+00
2.623154687500e+05 1.458373904228e+00
2.623157187500e+05 1.455740213394e+00
2.623159375000e+05 1.453926444054e+00
2.623161875000e+05 1.452592849731e+00
2.623164375000e+05 1.453937649727e+00
2.623166875000e+05 1.454739093781e+00
2.623169375000e+05 1.452682375908e+00
2.623171562500e+05 1.453388333321e+00
2.623174062500e+05 1.456972241402e+00
2.623176562500e+05 1.454963207245e+00
2.623179062500e+05 1.448579788208e+00
2.623181562500e+05 1.449620246887e+00
2.623184062500e+05 1.450588941574e+00
2.623186250000e+05 1.447526931763e+00
2.623188750000e+05 1.450279831886e+00
2.623191250000e+05 1.452408909798e+00
2.623193750000e+05 1.451210141182e+00
2.623196250000e+05 1.456859707832e+00
2.623198437500e+05 1.462792634964e+00
2.623200937500e+05 1.460369706154e+00
2.623203437500e+05 1.456415891647e+00
2.623205937500e+05 1.456370472908e+00
2.623208437500e+05 1.457545995712e+00
2.623210625000e+05 1.458645582199e+00
2.623213125000e+05 1.457896828651e+00
2.623215625000e+05 1.455179452896e+00
2.623218125000e+05 1.449419379234e+00
2.623220625000e+05 1.447196245193e+00
2.623222812500e+05 1.449380755424e+00
2.623225312500e+05 1.450152754784e+00
2.623227812500e+05 1.447485804558e+00
2.623230312500e+05 1.446913838387e+00
2.623232812500e+05 1.453132033348e+00
2.623235312500e+05 1.455412745476e+00
2.623237500000e+05 1.451214671135e+00
2.623240000000e+05 1.451115012169e+00
2.623242500000e+05 1.451945424080e+00
2.623245000000e+05 1.453764438629e+00
2.623247500000e+05 1.457747697830e+00
2.623249687500e+05 1.458087325096e+00
2.623252187500e+05 1.452030420303e+00
2.623254687500e+05 1.444987416267e+00
2.623257187500e+05 1.445749044418e+00
2.623259687500e+05 1.455452561378e+00
2.623261875000e+05 1.463027119637e+00
2.623264375000e+05 1.461944222450e+00
2.623266875000e+05 1.459552645683e+00
2.623269375000e+05 1.458553910255e+00
2.623271875000e+05 1.453361272812e+00
2.623274375000e+05 1.447203636169e+00
2.623276562500e+05 1.448001027107e+00
2.623279062500e+05 1.450778365135e+00
2.623281562500e+05 1.451803445816e+00
2.623284062500e+05 1.456453919411e+00
2.623286562500e+05 1.457200527191e+00
2.623288750000e+05 1.452926993370e+00
2.623291250000e+05 1.452959418297e+00
2.623293750000e+05 1.453813910484e+00
2.623296250000e+05 1.454410552979e+00
2.623298750000e+05 1.459251403809e+00
2.623300937500e+05 1.461780786514e+00
2.623303437500e+05 1.459067106247e+00
2.623305937500e+05 1.459242701530e+00
2.623308437500e+05 1.457586288452e+00
2.623310937500e+05 1.452479720116e+00
2.623313437500e+05 1.451181888580e+00
2.623315625000e+05 1.452359914780e+00
2.623318125000e+05 1.452090740204e+00
2.623320625000e+05 1.450346827507e+00
2.623323125000e+05 1.448348999023e+00
2.623325625000e+05 1.447176933289e+00
2.623327812500e+05 1.447037220001e+00
2.623330312500e+05 1.447226285934e+00
2.623332812500e+05 1.451041340828e+00
2.623335312500e+05 1.452035069466e+00
2.623337812500e+05 1.453317165375e+00
2.623340000000e+05 1.455285549164e+00
2.623342500000e+05 1.455556154251e+00
2.623345000000e+05 1.458690762520e+00
2.623347500000e+05 1.459230065346e+00
2.623350000000e+05 1.455709815025e+00
2.623352500000e+05 1.453943967819e+00
2.623354687500e+05 1.452423810959e+00
2.623357187500e+05 1.449681878090e+00
2.623359687500e+05 1.447126269341e+00
2.623362187500e+05 1.448629856110e+00
2.623364687500e+05 1.451888203621e+00
2.623366875000e+05 1.451567292213e+00
2.623369375000e+05 1.451360106468e+00
2.623371875000e+05 1.451482176781e+00
2.623374375000e+05 1.453282475471e+00
2.623376875000e+05 1.456940770149e+00
2.623379062500e+05 1.456707596779e+00
2.623381562500e+05 1.451831817627e+00
2.623384062500e+05 1.448536634445e+00
2.623386562500e+05 1.452970266342e+00
2.623389062500e+05 1.459408044815e+00
2.623391562500e+05 1.460000514984e+00
2.623393750000e+05 1.458895564079e+00
2.623396250000e+05 1.460919141769e+00
2.623398750000e+05 1.462939739227e+00
2.623401250000e+05 1.460706353188e+00
2.623403750000e+05 1.457999944687e+00
2.623405937500e+05 1.457482814789e+00
2.623408437500e+05 1.456559658051e+00
2.623410937500e+05 1.455726265907e+00
2.623413437500e+05 1.454018831253e+00
2.623415937500e+05 1.453536868095e+00
2.623418125000e+05 1.457122206688e+00
2.623420625000e+05 1.458829641342e+00
2.623423125000e+05 1.457116127014e+00
2.623425625000e+05 1.453729987144e+00
2.623428125000e+05 1.451486229897e+00
2.623430312500e+05 1.453365206718e+00
2.623432812500e+05 1.457424402237e+00
2.623435312500e+05 1.461610317230e+00
2.623437812500e+05 1.461421608925e+00
2.623440312500e+05 1.459924221039e+00
2.623442812500e+05 1.458296179771e+00
2.623445000000e+05 1.454687952995e+00
2.623447500000e+05 1.454031348228e+00
2.623450000000e+05 1.457434415817e+00
2.623452500000e+05 1.458833456039e+00
2.623455000000e+05 1.456367373466e+00
2.623457187500e+05 1.453031539917e+00
2.623459687500e+05 1.451347470284e+00
2.623462187500e+05 1.454071164131e+00
2.623464687500e+05 1.458137750626e+00
2.623467187500e+05 1.457632184029e+00
2.623469375000e+05 1.451886892319e+00
2.623471875000e+05 1.449021458626e+00
2.623474375000e+05 1.453756213188e+00
2.623476875000e+05 1.455793976784e+00
2.623479375000e+05 1.452584028244e+00
2.623481875000e+05 1.449645519257e+00
2.623484062500e+05 1.455513954163e+00
2.623486562500e+05 1.461321830750e+00
2.623489062500e+05 1.457588315010e+00
2.623491562500e+05 1.454593777657e+00
2.623494062500e+05 1.454246759415e+00
2.623496250000e+05 1.454020500183e+00
2.623498750000e+05 1.455749988556e+00
2.623501250000e+05 1.458003401756e+00
2.623503750000e+05 1.458423614502e+00
2.623506250000e+05 1.456310272217e+00
2.623508437500e+05 1.454106211662e+00
2.623510937500e+05 1.455460190773e+00
2.623513437500e+05 1.452248811722e+00
2.623515937500e+05 1.448104500771e+00
2.623518437500e+05 1.452319264412e+00
2.623520937500e+05 1.454701662064e+00
2.623523125000e+05 1.452536463737e+00
2.623525625000e+05 1.453816175461e+00
2.623528125000e+05 1.456454396248e+00
2.623530625000e+05 1.455899238586e+00
2.623533125000e+05 1.452737092972e+00
2.623535312500e+05 1.455428838730e+00
2.623537812500e+05 1.461390495300e+00
2.623540312500e+05 1.455859541893e+00
2.623542812500e+05 1.445286870003e+00
2.623545312500e+05 1.443058133125e+00
2.623547500000e+05 1.449421048164e+00
2.623550000000e+05 1.452103614807e+00
2.623552500000e+05 1.453885436058e+00
2.623555000000e+05 1.458541393280e+00
2.623557500000e+05 1.456779599190e+00
2.623560000000e+05 1.449488401413e+00
2.623562187500e+05 1.447206020355e+00
2.623564687500e+05 1.446274995804e+00
2.623567187500e+05 1.450206637383e+00
2.623569687500e+05 1.457254886627e+00
2.623572187500e+05 1.458704829216e+00
2.623574375000e+05 1.456086516380e+00
2.623576875000e+05 1.456466555595e+00
2.623579375000e+05 1.459466934204e+00
2.623581875000e+05 1.463789820671e+00
2.623584375000e+05 1.464350819588e+00
2.623586562500e+05 1.459847688675e+00
2.623589062500e+05 1.456319808960e+00
2.623591562500e+05 1.455173730850e+00
2.623594062500e+05 1.454115629196e+00
2.623596562500e+05 1.451172947884e+00
2.623599062500e+05 1.450686573982e+00
2.623601250000e+05 1.451477527618e+00
2.623603750000e+05 1.451863050461e+00
2.623606250000e+05 1.453944683075e+00
2.623608750000e+05 1.454550981522e+00
2.623611250000e+05 1.452846169472e+00
2.623613437500e+05 1.448242187500e+00
2.623615937500e+05 1.444877386093e+00
2.623618437500e+05 1.445578932762e+00
2.623620937500e+05 1.446796536446e+00
2.623623437500e+05 1.448678731918e+00
2.623625625000e+05 1.453779578209e+00
2.623628125000e+05 1.457803130150e+00
2.623630625000e+05 1.452993035316e+00
2.623633125000e+05 1.447056531906e+00
2.623635625000e+05 1.453277826309e+00
2.623637812500e+05 1.458321571350e+00
2.623640312500e+05 1.458582043648e+00
2.623642812500e+05 1.458049297333e+00
2.623645312500e+05 1.455353021622e+00
2.623647812500e+05 1.450790762901e+00
2.623650312500e+05 1.444503307343e+00
2.623652500000e+05 1.443887352943e+00
2.623655000000e+05 1.450248360634e+00
2.623657500000e+05 1.457431435585e+00
2.623660000000e+05 1.458076715469e+00
2.623662500000e+05 1.453508973122e+00
2.623664687500e+05 1.452583074570e+00
2.623667187500e+05 1.456935048103e+00
2.623669687500e+05 1.460295200348e+00
2.623672187500e+05 1.461351275444e+00
2.623674687500e+05 1.463282585144e+00
2.623676875000e+05 1.462705373764e+00
2.623679375000e+05 1.457202553749e+00
2.623681875000e+05 1.454452633858e+00
2.623684375000e+05 1.457515716553e+00
2.623686875000e+05 1.458184719086e+00
2.623689375000e+05 1.452918052673e+00
2.623691562500e+05 1.455020904541e+00
2.623694062500e+05 1.461188435555e+00
2.623696562500e+05 1.460379838943e+00
2.623699062500e+05 1.457020044327e+00
2.623701562500e+05 1.453149199486e+00
2.623703750000e+05 1.452049016953e+00
2.623706250000e+05 1.455397248268e+00
2.623708750000e+05 1.454338669777e+00
2.623711250000e+05 1.450622677803e+00
2.623713750000e+05 1.448822498322e+00
2.623715937500e+05 1.449401974678e+00
2.623718437500e+05 1.450608611107e+00
2.623720937500e+05 1.448584794998e+00
2.623723437500e+05 1.444308400154e+00
2.623725937500e+05 1.442490458488e+00
2.623728437500e+05 1.441590428352e+00
2.623730625000e+05 1.444538474083e+00
2.623733125000e+05 1.450144171715e+00
2.623735625000e+05 1.453349351883e+00
2.623738125000e+05 1.451682329178e+00
2.623740625000e+05 1.451088428497e+00
2.623742812500e+05 1.455592513084e+00
2.623745312500e+05 1.458307266235e+00
2.623747812500e+05 1.452877640724e+00
2.623750312500e+05 1.446557760239e+00
2.623752812500e+05 1.448226571083e+00
2.623755000000e+05 1.453226804733e+00
2.623757500000e+05 1.455692887306e+00
2.623760000000e+05 1.456359148026e+00
2.623762500000e+05 1.457207202911e+00
2.623765000000e+05 1.456403613091e+00
2.623767500000e+05 1.455810666084e+00
2.623769687500e+05 1.456159114838e+00
2.623772187500e+05 1.452911496162e+00
2.623774687500e+05 1.448239922523e+00
2.623777187500e+05 1.450430750847e+00
2.623779687500e+05 1.459423542023e+00
2.623781875000e+05 1.462817907333e+00
2.623784375000e+05 1.454799532890e+00
2.623786875000e+05 1.450788140297e+00
2.623789375000e+05 1.455290675163e+00
2.623791875000e+05 1.458947896957e+00
2.623794062500e+05 1.458036541939e+00
2.623796562500e+05 1.456176996231e+00
2.623799062500e+05 1.457519292831e+00
2.623801562500e+05 1.458761215210e+00
2.623804062500e+05 1.457885503769e+00
2.623806250000e+05 1.457704901695e+00
2.623808750000e+05 1.457337856293e+00
2.623811250000e+05 1.457518458366e+00
2.623813750000e+05 1.456746459007e+00
2.623816250000e+05 1.456308841705e+00
2.623818750000e+05 1.456862092018e+00
2.623820937500e+05 1.458135485649e+00
2.623823437500e+05 1.460327863693e+00
2.623825937500e+05 1.460441470146e+00
2.623828437500e+05 1.456551790237e+00
2.623830937500e+05 1.453317403793e+00
2.623833125000e+05 1.454820513725e+00
2.623835625000e+05 1.454908251762e+00
2.623838125000e+05 1.453329443932e+00
2.623840625000e+05 1.457476735115e+00
2.623843125000e+05 1.464153528214e+00
